37.23538635638523	126.7716938592036	0	0
37.23538594174767	126.7716825382506	0	0
37.23538551001586	126.7716711741498	0	0
37.23538506039511	126.7716598933695	0	0
37.23538458172719	126.7716486907599	0	0
37.23538404456807	126.7716374915864	0	0
37.23538346144989	126.7716262352101	0	0
37.23538284522734	126.7716150920651	0	0
37.23538216435767	126.7716038526318	0	0
37.23538138406479	126.771592606579	0	0
37.23538052557604	126.7715813478555	0	0
37.23537959281271	126.7715701462651	0	0
37.23537859037465	126.7715588934013	0	0
37.23537750773389	126.7715476149323	0	0
37.23537638079066	126.7715364947455	0	0
37.23537518776554	126.7715253000136	0	0
37.23537394259183	126.7715142032102	0	0
37.23537260913288	126.7715029990723	0	0
37.23537121199619	126.7714919099499	0	0
37.23536971473409	126.7714807025137	0	0
37.23536816528228	126.7714696983688	0	0
37.23536654887207	126.7714586560461	0	0
37.23536485103264	126.7714475665296	0	0
37.23536309437925	126.7714366206354	0	0
37.23536123513419	126.7714255834282	0	0
37.23535926439366	126.7714145040315	0	0
37.23535720395459	126.7714035683851	0	0
37.23535502107304	126.7713925882763	0	0
37.23535270460589	126.7713815835828	0	0
37.23535028709475	126.7713707108389	0	0
37.23534773035336	126.7713597886241	0	0
37.23534506814508	126.7713489794447	0	0
37.23534233061606	126.7713383256382	0	0
37.23533944390346	126.7713275648777	0	0
37.23533649706877	126.7713170058803	0	0
37.23533338793571	126.7713063397299	0	0
37.23533021996259	126.7712958761062	0	0
37.23532689063536	126.7712852796224	0	0
37.23532353024858	126.7712748915983	0	0
37.23532002470074	126.7712643289435	0	0
37.23531646535006	126.7712538926083	0	0
37.23531287445707	126.7712436335041	0	0
37.23530920840592	126.7712334418176	0	0
37.23530545314163	126.771223274267	0	0
37.23530159177577	126.7712130700675	0	0
37.23529762019236	126.771202833468	0	0
37.23529359201811	126.7711926687004	0	0
37.23528951250449	126.7711825550445	0	0
37.23528538075892	126.7711724888531	0	0
37.23528119193629	126.7711624922677	0	0
37.23527693179582	126.7711525568147	0	0
37.23527264492282	126.7711427685812	0	0
37.23526821199221	126.7711328538355	0	0
37.23526372391098	126.7711230322816	0	0
37.23525912991256	126.7711132319716	0	0
37.23525450247454	126.7711036669696	0	0
37.23524970445796	126.771094026818	0	0
37.23524481112042	126.7710844181267	0	0
37.23523985247172	126.7710749944821	0	0
37.23523477980413	126.7710656692232	0	0
37.23522965124748	126.7710565260811	0	0
37.23522438340783	126.7710474144587	0	0
37.23521896791791	126.771038322297	0	0
37.23521350425592	126.7710294279829	0	0
37.23520796233534	126.7710206375681	0	0
37.2352022902741	126.771011892414	0	0
37.23519646638214	126.771003177497	0	0
37.23519054904972	126.7709945483571	0	0
37.23518464509444	126.7709861522611	0	0
37.23517866635171	126.770977830277	0	0
37.23517263203333	126.7709696143768	0	0
37.23516639282052	126.7709613130964	0	0
37.23516008649651	126.7709531021261	0	0
37.235153793222	126.7709450735008	0	0
37.23514736117338	126.7709369802665	0	0
37.23514096134236	126.770929039475	0	0
37.23513454437774	126.7709212039118	0	0
37.23512797343353	126.7709133053059	0	0
37.23512142620515	126.7709055633251	0	0
37.23511479650359	126.7708978711264	0	0
37.23510804558254	126.7708901807485	0	0
37.23510129691845	126.770882662651	0	0
37.23509449729392	126.7708752602037	0	0
37.23508760652545	126.7708679287114	0	0
37.23508060552172	126.7708606641319	0	0
37.23507355910562	126.7708535374828	0	0
37.23506655821974	126.7708466198263	0	0
37.23505944184734	126.7708397472056	0	0
37.23505226949698	126.7708329519394	0	0
37.23504506120088	126.7708262536039	0	0
37.23503767636193	126.7708195250518	0	0
37.23503025446168	126.7708128934042	0	0
37.23502294309849	126.7708064819906	0	0
37.23501555016762	126.7708001351339	0	0
37.23500803059834	126.7707938246169	0	0
37.2350004089343	126.7707875831739	0	0
37.23499287060013	126.7707815461163	0	0
37.23498521571216	126.7707755477991	0	0
37.23497744557238	126.7707695977156	0	0
37.23496965311028	126.7707637694693	0	0
37.23496191181599	126.7707580975199	0	0
37.2349541343376	126.7707525348966	0	0
37.23494625637588	126.7707470648696	0	0
37.23493818937298	126.7707416248337	0	0
37.2349302753432	126.7707364101604	0	0
37.23492232483117	126.7707312972008	0	0
37.23491433623828	126.7707263324229	0	0
37.2349061734107	126.7707214220222	0	0
37.23489794073721	126.7707166145075	0	0
37.23488970638965	126.7707119407689	0	0
37.23488138477703	126.7707073610068	0	0
37.23487298831527	126.7707028981657	0	0
37.2348646288558	126.7706985899024	0	0
37.23485620308197	126.7706943952332	0	0
37.23484779341162	126.7706903601174	0	0
37.23483922842695	126.7706863899806	0	0
37.23483063694056	126.770682521111	0	0
37.23482207652965	126.7706787674473	0	0
37.23481346082292	126.7706751247948	0	0
37.23480488882383	126.7706716280318	0	0
37.23479626943612	126.7706682526614	0	0
37.23478770644151	126.7706650339627	0	0
37.23477906391386	126.7706619145161	0	0
37.23477040028808	126.7706589085148	0	0
37.2347616013433	126.7706559715333	0	0
37.23475294684	126.7706531849099	0	0
37.23474412281016	126.770650451234	0	0
37.23473543238738	126.7706478661849	0	0
37.23472656094179	126.7706453554118	0	0
37.23471774501742	126.7706429705229	0	0
37.23470888878465	126.7706406949122	0	0
37.23470003715292	126.7706385541913	0	0
37.2346911944917	126.7706365271346	0	0
37.2346822971589	126.7706345818383	0	0
37.23467331136102	126.770632702686	0	0
37.23466428120563	126.7706309070777	0	0
37.23465529565469	126.7706292178486	0	0
37.23464642068368	126.7706276274035	0	0
37.23463739896319	126.7706261365232	0	0
37.23462842433043	126.7706247819325	0	0
37.23461953546068	126.7706235472473	0	0
37.23461051216329	126.770622430367	0	0
37.23460158250218	126.7706214379148	0	0
37.23459253539352	126.7706205589452	0	0
37.23458360453562	126.7706198124744	0	0
37.23457447050185	126.7706191432821	0	0
37.23456539076347	126.7706185740059	0	0
37.23455634572458	126.7706180924268	0	0
37.23454734073018	126.7706177028264	0	0
37.2345382218836	126.7706173881068	0	0
37.23452904160396	126.7706171291055	0	0
37.23451994298335	126.7706169433634	0	0
37.23451101538002	126.7706168444887	0	0
37.23450207328595	126.7706168186399	0	0
37.23449294739554	126.7706168782671	0	0
37.2344839496098	126.7706169757484	0	0
37.23447486070644	126.770617124579	0	0
37.23446583171948	126.7706173453011	0	0
37.234456844264	126.7706175837181	0	0
37.23444791053602	126.7706178332204	0	0
37.23443887987386	126.7706181177319	0	0
37.23442984707614	126.7706184366594	0	0
37.23442089302439	126.7706187687876	0	0
37.234411939787	126.7706191195265	0	0
37.23440279622607	126.7706194894826	0	0
37.23439383520915	126.7706198712535	0	0
37.23438484044064	126.7706202737258	0	0
37.23437581153328	126.7706206863807	0	0
37.23436684412196	126.7706211088525	0	0
37.2343579153385	126.7706215302972	0	0
37.23434896775944	126.7706219533455	0	0
37.23433988464725	126.7706223794252	0	0
37.2343309386996	126.7706227940636	0	0
37.23432201081805	126.7706232026303	0	0
37.23431304053685	126.7706236044751	0	0
37.23430410057718	126.7706239975144	0	0
37.23429517500684	126.7706243806319	0	0
37.23428624021331	126.7706247560147	0	0
37.23427719436373	126.7706251293195	0	0
37.23426818642201	126.770625494711	0	0
37.23425913609796	126.7706258557331	0	0
37.23425004304442	126.7706262107773	0	0
37.23424094679162	126.7706265716511	0	0
37.23423201040048	126.7706269273027	0	0
37.23422291006442	126.7706273197308	0	0
37.23421384300155	126.7706278117567	0	0
37.23420485190654	126.7706284072085	0	0
37.23419591116129	126.7706291200307	0	0
37.23418688346398	126.770629948563	0	0
37.23417780220117	126.7706308457178	0	0
37.23416876609577	126.7706318114704	0	0
37.23415972195717	126.7706328183777	0	0
37.23415077188487	126.7706338639161	0	0
37.23414180485978	126.7706349405564	0	0
37.2341328511684	126.7706360483437	0	0
37.2341239115194	126.7706371657744	0	0
37.23411500225954	126.7706382947935	0	0
37.23410600459273	126.770639470588	0	0
37.23409696858294	126.7706406782589	0	0
37.23408810685985	126.7706419800828	0	0
37.23407915106561	126.7706434716418	0	0
37.2340702818854	126.7706451258143	0	0
37.23406132327893	126.7706470178063	0	0
37.23405253667045	126.7706490411787	0	0
37.23404378569582	126.7706512340746	0	0
37.23403490097558	126.7706536511374	0	0
37.23402616956164	126.7706561685291	0	0
37.23401734087108	126.7706588914877	0	0
37.23400855074069	126.7706618204129	0	0
37.23399989942184	126.7706649421391	0	0
37.23399124145688	126.7706683263243	0	0
37.23398269544246	126.77067192193	0	0
37.23397418298371	126.7706757052912	0	0
37.23396566597378	126.7706797174947	0	0
37.23395720382992	126.7706838751679	0	0
37.23394888428077	126.770688148689	0	0
37.23394065817619	126.7706925540299	0	0
37.23393250869396	126.7706970962821	0	0
37.23392429061703	126.7707018590699	0	0
37.23391619701724	126.770706748761	0	0
37.23390818804647	126.770711767958	0	0
37.2339002252977	126.7707171517342	0	0
37.23389232962302	126.7707223456306	0	0
37.23388405083738	126.7707270541558	0	0
37.23387574235652	126.7707312718334	0	0
37.2338671885357	126.7707349491717	0	0
37.23385852312212	126.7707382692872	0	0
37.23384985863391	126.7707416088903	0	0
37.2338411465394	126.7707449403018	0	0
37.23383256112593	126.7707483830158	0	0
37.23382407197892	126.7707519392252	0	0
37.2338155269619	126.7707558222642	0	0
37.23380722519438	126.7707599318435	0	0
37.2337989141709	126.7707643522912	0	0
37.23379066695737	126.77076910461	0	0
37.2337826257039	126.7707739951087	0	0
37.23377460796479	126.7707790511658	0	0
37.23376662702265	126.7707844835581	0	0
37.23375879619804	126.7707903633802	0	0
37.23375123178798	126.7707965109028	0	0
37.23374385836017	126.7708030517578	0	0
37.23373667643554	126.7708100287125	0	0
37.23372978826094	126.7708172043395	0	0
37.23372299162995	126.7708247577831	0	0
37.23371642919842	126.7708324912884	0	0
37.23371010979266	126.770840425188	0	0
37.23370389404979	126.7708486487419	0	0
37.23369781242643	126.7708571228425	0	0
37.23369187552775	126.7708657462511	0	0
37.23368614651324	126.7708744046715	0	0
37.23368056756873	126.7708831127774	0	0
37.23367502904432	126.7708920172706	0	0
37.23366960152831	126.7709010430599	0	0
37.23366422873507	126.770910230719	0	0
37.23365897615974	126.7709194301755	0	0
37.23365383878477	126.7709287086282	0	0
37.23364883991773	126.7709380010858	0	0
37.23364388635911	126.7709474912648	0	0
37.2336390823424	126.7709569745472	0	0
37.23363432834099	126.7709666248033	0	0
37.23362965734944	126.7709763748038	0	0
37.23362508282157	126.7709861973283	0	0
37.23362060214375	126.7709960667877	0	0
37.23361625484566	126.7710059024473	0	0
37.23361200210212	126.7710158181171	0	0
37.23360787862526	126.7710257863435	0	0
37.23360388886086	126.7710358471701	0	0
37.23360002479092	126.7710459688209	0	0
37.23359627365651	126.7710562340512	0	0
37.23359268296372	126.7710665018637	0	0
37.23358922227018	126.7710768298109	0	0
37.23358589737562	126.7710871909398	0	0
37.23358266980754	126.7710976849521	0	0
37.2335795345869	126.7711082942869	0	0
37.23357647708626	126.7711189858337	0	0
37.23357355149616	126.771129549373	0	0
37.23357068084071	126.7711402434164	0	0
37.23356783611815	126.771151050383	0	0
37.23356505042062	126.7711618557751	0	0
37.23356229394797	126.7711726821917	0	0
37.23355961289418	126.771183349692	0	0
37.23355689868993	126.7711941691671	0	0
37.23355419421615	126.7712049515555	0	0
37.23355146364315	126.771215795574	0	0
37.23354874868375	126.7712264851513	0	0
37.23354599737431	126.7712371967677	0	0
37.23354320206818	126.7712478420812	0	0
37.23354035429207	126.7712584781172	0	0
37.23353742687124	126.7712691857611	0	0
37.23353444649407	126.7712798508778	0	0
37.23353137785522	126.7712905911216	0	0
37.23352827120036	126.7713012323026	0	0
37.23352509188577	126.7713118611343	0	0
37.23352187856829	126.7713223151218	0	0
37.23351854399255	126.7713329035844	0	0
37.23351514094804	126.7713434359955	0	0
37.23351170163082	126.7713537362496	0	0
37.23350807838726	126.7713641363886	0	0
37.23350439838368	126.7713743300665	0	0
37.23350062625685	126.7713845102799	0	0
37.23349674012333	126.7713945944097	0	0
37.23349265128095	126.7714047933401	0	0
37.23348849996479	126.7714148463417	0	0
37.23348430240802	126.7714247370312	0	0
37.2334799817023	126.7714346722096	0	0
37.23347557533501	126.7714445748429	0	0
37.23347113992309	126.7714542984263	0	0
37.23346658507946	126.7714640930953	0	0
37.23346197304907	126.7714738211882	0	0
37.23345733359612	126.7714834538233	0	0
37.23345263843333	126.7714930694708	0	0
37.23344782984	126.7715027370202	0	0
37.23344292772856	126.7715123520133	0	0
37.23343794670954	126.7715218925198	0	0
37.23343289349081	126.77153133091	0	0
37.23342774388498	126.7715407075683	0	0
37.23342254501442	126.7715499628072	0	0
37.23341729261858	126.7715590880283	0	0
37.23341199158224	126.7715680688322	0	0
37.23340658672213	126.7715769737734	0	0
37.23340096535016	126.7715859880774	0	0
37.23339533273023	126.771594784694	0	0
37.23338956463049	126.7716035315315	0	0
37.23338368273912	126.7716121953828	0	0
37.23337774960039	126.7716207190579	0	0
37.23337166445771	126.7716292437477	0	0
37.23336556498859	126.7716376436428	0	0
37.2333593750372	126.7716460146878	0	0
37.23335313869358	126.7716543243974	0	0
37.23334696892505	126.7716624658893	0	0
37.23334073217477	126.7716706101806	0	0
37.23333443231964	126.7716787149099	0	0
37.23332807964069	126.7716867812908	0	0
37.23332176778374	126.7716946694378	0	0
37.23331525800736	126.7717026117499	0	0
37.23330866677177	126.7717104723036	0	0
37.2333020378714	126.7717181819798	0	0
37.23329530491252	126.7717258122057	0	0
37.23328850188421	126.7717333355133	0	0
37.23328162744846	126.7717407587946	0	0
37.23327469710587	126.771748049071	0	0
37.23326771690199	126.7717552115233	0	0
37.23326064068092	126.771762317642	0	0
37.23325357237258	126.7717692490011	0	0
37.23324634950452	126.7717761501388	0	0
37.23323914908242	126.7717828543529	0	0
37.2332318612488	126.7717894861968	0	0
37.23322447849134	126.7717960570481	0	0
37.23321713967722	126.7718024355195	0	0
37.23320966256376	126.7718087925222	0	0
37.2332021067016	126.7718150732586	0	0
37.23319460391044	126.7718212026576	0	0
37.23318696830032	126.7718273430947	0	0
37.23317938475909	126.7718333683166	0	0
37.23317174841246	126.7718393564389	0	0
37.23316408361336	126.7718452647364	0	0
37.23315632955121	126.7718511481945	0	0
37.23314857323363	126.7718569241818	0	0
37.23314080452589	126.7718625886438	0	0
37.23313304009162	126.7718681569202	0	0
37.23312522480079	126.7718736766955	0	0
37.23311742331227	126.7718791318947	0	0
37.23310947912591	126.7718846351684	0	0
37.23310164429434	126.7718900548995	0	0
37.23309376815691	126.7718954940845	0	0
37.23308581910477	126.7719009939269	0	0
37.2330779221821	126.7719064665536	0	0
37.23307006846079	126.7719119155796	0	0
37.23306226364925	126.771917338003	0	0
37.23305444514533	126.7719227856442	0	0
37.23304661724051	126.7719282586905	0	0
37.23303868365088	126.7719338254338	0	0
37.23303090871013	126.7719393111062	0	0
37.23302308290714	126.7719448811115	0	0
37.23301532478781	126.7719505052093	0	0
37.23300756737957	126.7719562832401	0	0
37.23299993203271	126.7719621453196	0	0
37.23299238456022	126.771968179221	0	0
37.23298493164481	126.7719743711081	0	0
37.23297751822226	126.7719807641034	0	0
37.23297014623956	126.7719873558928	0	0
37.23296296248954	126.7719940430549	0	0
37.23295588196927	126.7720009230859	0	0
37.23294884510029	126.7720080408306	0	0
37.23294196447439	126.7720153159344	0	0
37.23293524451252	126.7720227450019	0	0
37.23292864600381	126.7720303639753	0	0
37.23292215813141	126.7720381991827	0	0
37.23291576903898	126.7720462185181	0	0
37.23290948891805	126.7720543982487	0	0
37.23290333642657	126.7720626928635	0	0
37.23289738298313	126.7720710246005	0	0
37.23289157271377	126.7720795602455	0	0
37.23288591518432	126.7720882895383	0	0
37.23288041775557	126.7720972173236	0	0
37.23287509734548	126.7721062735733	0	0
37.23286992919765	126.77211547758	0	0
37.23286494683159	126.7721247564586	0	0
37.23286005018535	126.7721342975603	0	0
37.23285535638956	126.7721438551286	0	0
37.23285081173225	126.7721534916889	0	0
37.23284640880041	126.7721632138338	0	0
37.23284215120912	126.7721730666742	0	0
37.23283798677335	126.7721831678628	0	0
37.23283397837761	126.772193285757	0	0
37.2328301356795	126.7722033938799	0	0
37.23282636784979	126.7722136943657	0	0
37.23282272374729	126.7722240554337	0	0
37.23281923332356	126.7722343404778	0	0
37.23281585079972	126.7722446896877	0	0
37.23281255350383	126.7722551739568	0	0
37.2328093420033	126.7722656233422	0	0
37.23280617094554	126.7722761608581	0	0
37.23280305928182	126.7722867874913	0	0
37.23280000143352	126.7722974931838	0	0
37.23279708482328	126.7723080366366	0	0
37.23279425199935	126.772318685261	0	0
37.23279156350947	126.7723293499829	0	0
37.23278898908973	126.7723401571716	0	0
37.23278658186384	126.7723509551162	0	0
37.23278439124042	126.7723618565188	0	0
37.23278240123057	126.7723728598978	0	0
37.23278067308333	126.7723838458329	0	0
37.2327791415798	126.7723949832831	0	0
37.23277780865619	126.7724061180698	0	0
37.23277667131797	126.7724173444798	0	0
37.23277580653497	126.7724284561888	0	0
37.23277516735433	126.7724396800326	0	0
37.23277473900616	126.7724508316308	0	0
37.23277451544394	126.7724620561424	0	0
37.23277443900005	126.7724733159136	0	0
37.23277455608272	126.7724844850623	0	0
37.23277472158658	126.7724958264932	0	0
37.23277497111481	126.772507122623	0	0
37.23277532394406	126.7725183706245	0	0
37.23277578498746	126.7725295756154	0	0
37.23277636863764	126.7725407966441	0	0
37.23277718576452	126.7725519832304	0	0
37.23277818246176	126.7725632533812	0	0
37.23277936800147	126.7725743437343	0	0
37.23278068433432	126.7725853914434	0	0
37.23278217310117	126.7725965392673	0	0
37.23278376338462	126.7726076542115	0	0
37.23278550206736	126.7726187983562	0	0
37.23278739579258	126.7726297602715	0	0
37.23278948156288	126.7726406379427	0	0
37.23279182127989	126.7726514841811	0	0
37.23279437168095	126.7726622964556	0	0
37.23279714394243	126.7726730245653	0	0
37.23280010883104	126.7726837470008	0	0
37.23280320780828	126.7726942958089	0	0
37.232806442243	126.7727048387132	0	0
37.23280978335423	126.7727152366776	0	0
37.23281327117468	126.7727257386033	0	0
37.23281677356424	126.7727360060642	0	0
37.23282038721571	126.7727464018371	0	0
37.23282401790055	126.7727566643547	0	0
37.2328276728411	126.7727669070029	0	0
37.23283137140825	126.7727771878265	0	0
37.23283505686588	126.772787389247	0	0
37.23283873793358	126.7727975597804	0	0
37.23284243996613	126.7728077996795	0	0
37.2328461290193	126.7728180264415	0	0
37.23284980139181	126.7728282500023	0	0
37.23285347668005	126.7728385188956	0	0
37.23285713458264	126.772848769477	0	0
37.23286078036606	126.7728590480178	0	0
37.23286441317709	126.7728693589519	0	0
37.23286800352149	126.772879608772	0	0
37.23287158308706	126.7728898915219	0	0
37.23287514474119	126.7729001699128	0	0
37.23287872863963	126.7729105531955	0	0
37.23288228902984	126.7729209050971	0	0
37.23288586104552	126.7729313203268	0	0
37.23288937744194	126.772941601519	0	0
37.232892938021	126.7729520307435	0	0
37.23289648527113	126.7729624419453	0	0
37.23289999120188	126.7729727452341	0	0
37.23290350110077	126.7729830727223	0	0
37.23290703608853	126.7729934740634	0	0
37.23291058103517	126.7730039069203	0	0
37.23291407996449	126.7730141968364	0	0
37.23291762476818	126.773024602288	0	0
37.23292115609274	126.7730349532748	0	0
37.2329247092193	126.7730453551492	0	0
37.23292825216486	126.7730557138672	0	0
37.23293180849075	126.7730660974999	0	0
37.23293540554704	126.7730765830662	0	0
37.23293899599246	126.7730870417751	0	0
37.23294257102021	126.7730974541268	0	0
37.23294610339952	126.7731077390649	0	0
37.23294968124225	126.7731181584079	0	0
37.23295324659198	126.773128541491	0	0
37.23295678046453	126.77313882612	0	0
37.23296034991016	126.7731492062625	0	0
37.23296391793214	126.7731595793411	0	0
37.23296746560943	126.7731698911523	0	0
37.23297104990456	126.7731803093834	0	0
37.23297462911887	126.7731907177039	0	0
37.23297818384661	126.7732010526953	0	0
37.23298173615856	126.7732113702504	0	0
37.2329853133599	126.7732217508769	0	0
37.23298887919195	126.7732320875572	0	0
37.23299243618136	126.7732423923154	0	0
37.23299603974799	126.773252830674	0	0
37.23299957853372	126.7732630760826	0	0
37.23300318360668	126.7732735042269	0	0
37.23300673611068	126.7732837698313	0	0
37.23301034367822	126.7732941647839	0	0
37.23301392931327	126.7733044875736	0	0
37.23301747870882	126.7733147329427	0	0
37.23302106832829	126.7733251111102	0	0
37.23302465555541	126.7733355281913	0	0
37.23302826403862	126.7733459787326	0	0
37.23303187715901	126.7733563462772	0	0
37.2330354950934	126.7733665876572	0	0
37.23303919715836	126.7733767887229	0	0
37.23304301630543	126.773387062966	0	0
37.23304686407894	126.7733971287211	0	0
37.23305082244116	126.7734071806527	0	0
37.23305491668296	126.7734172788426	0	0
37.23305911476761	126.7734273562078	0	0
37.23306335278653	126.7734372464266	0	0
37.23306769153461	126.7734470987776	0	0
37.23307209862502	126.7734568200594	0	0
37.23307666046901	126.7734665477267	0	0
37.23308135609744	126.7734762167965	0	0
37.23308609126169	126.7734857463462	0	0
37.23309091249084	126.7734952119562	0	0
37.23309586041739	126.7735046511495	0	0
37.23310091893615	126.7735140511689	0	0
37.23310599798104	126.7735232456477	0	0
37.23311122462697	126.7735324083675	0	0
37.23311656028383	126.7735414538725	0	0
37.23312204882635	126.7735504340128	0	0
37.2331276029585	126.7735592137423	0	0
37.23313334945562	126.773567930054	0	0
37.23313918202359	126.7735763822025	0	0
37.23314525272008	126.7735847804489	0	0
37.2331514682646	126.7735930182881	0	0
37.23315779748348	126.7736010235644	0	0
37.23316428017534	126.7736088701234	0	0
37.23317088320066	126.7736165655511	0	0
37.23317757691441	126.7736240886223	0	0
37.23318433423029	126.7736314034936	0	0
37.23319126008997	126.7736386345885	0	0
37.23319822477813	126.7736456870672	0	0
37.23320530249398	126.7736526258491	0	0
37.23321248736841	126.7736594766279	0	0
37.23321965059625	126.7736661324006	0	0
37.23322691919586	126.7736726954991	0	0
37.23323430783195	126.7736791849204	0	0
37.23324179938464	126.7736855990238	0	0
37.23324925782277	126.7736918026229	0	0
37.2332568542712	126.7736979124497	0	0
37.23326442241213	126.7737038174514	0	0
37.23327212194696	126.7737096210177	0	0
37.23327994851562	126.7737153150984	0	0
37.23328781630292	126.7737208530357	0	0
37.23329575101334	126.7737262319496	0	0
37.23330384722557	126.7737314884692	0	0
37.23331185311718	126.7737364956124	0	0
37.23332004106013	126.7737414046835	0	0
37.23332819779748	126.7737460818032	0	0
37.23333639928862	126.7737505458051	0	0
37.23334468616108	126.7737548404068	0	0
37.23335310100781	126.7737589808315	0	0
37.2333614998538	126.7737629073903	0	0
37.23337001371923	126.7737666787162	0	0
37.23337859152153	126.7737702724029	0	0
37.23338715549089	126.7737736119138	0	0
37.23339584734946	126.7737767858357	0	0
37.23340461575736	126.7737797595112	0	0
37.23341340091733	126.773782517394	0	0
37.23342216579292	126.7737850883522	0	0
37.233431014388	126.7737875247209	0	0
37.23343992917997	126.7737898491122	0	0
37.23344877277046	126.7737920362685	0	0
37.23345771956571	126.7737941056681	0	0
37.23346667913109	126.7737960493926	0	0
37.23347560973286	126.773797841518	0	0
37.23348456625597	126.773799482808	0	0
37.23349348568688	126.7738009185078	0	0
37.23350242911063	126.7738022045855	0	0
37.23351137026501	126.7738033183831	0	0
37.23352041615689	126.7738042425926	0	0
37.23352932530432	126.7738049434842	0	0
37.23353829734439	126.7738054864101	0	0
37.23354728968295	126.7738058377649	0	0
37.23355625598091	126.773805953924	0	0
37.23356530099261	126.7738059310463	0	0
37.23357422438203	126.7738056247319	0	0
37.2335833139274	126.7738051436659	0	0
37.23359228434234	126.7738044799706	0	0
37.23360124906091	126.7738035779507	0	0
37.23361017121945	126.7738025601647	0	0
37.23361917308863	126.7738013218661	0	0
37.23362814736638	126.7737999483681	0	0
37.23363700316587	126.7737984225919	0	0
37.23364598590195	126.7737966990092	0	0
37.23365478633296	126.7737947904117	0	0
37.23366366328567	126.7737926714335	0	0
37.23367254634424	126.7737903274814	0	0
37.23368124958227	126.7737878707704	0	0
37.23368993233898	126.7737852435966	0	0
37.2336986757855	126.7737823750097	0	0
37.23370729050247	126.7737792996924	0	0
37.23371586985697	126.7737760254319	0	0
37.23372447908186	126.7737724998836	0	0
37.23373305710696	126.7737687698757	0	0
37.23374144599301	126.7737649429213	0	0
37.23374989345957	126.7737609085121	0	0
37.23375826766461	126.773756777655	0	0
37.23376656598566	126.7737525635694	0	0
37.2337748396569	126.7737482556975	0	0
37.23378309332738	126.7737438244388	0	0
37.23379137046179	126.7737391877955	0	0
37.23379952967773	126.7737344240485	0	0
37.23380762900071	126.7737294465171	0	0
37.23381567956526	126.7737242347635	0	0
37.2338236110218	126.7737188502497	0	0
37.23383136100453	126.7737133267476	0	0
37.23383914587367	126.7737075597242	0	0
37.23384688804153	126.7737015997257	0	0
37.23385446779872	126.7736955647199	0	0
37.23386192658118	126.7736894194005	0	0
37.23386944079527	126.7736830326193	0	0
37.23387676765811	126.7736766064331	0	0
37.23388400650763	126.773670038521	0	0
37.23389116677334	126.773663316958	0	0
37.2338982410001	126.7736564434848	0	0
37.23390527668616	126.7736493325893	0	0
37.23391216791278	126.7736421579206	0	0
37.23391900194648	126.7736348740443	0	0
37.23392575800791	126.7736275013605	0	0
37.23393253805515	126.7736199315191	0	0
37.233939122777	126.7736123487278	0	0
37.23394569985988	126.7736045066081	0	0
37.23395213015497	126.7735965669002	0	0
37.23395845551808	126.7735884349576	0	0
37.23396467080664	126.7735801457836	0	0
37.23397074124594	126.7735717424563	0	0
37.23397667850877	126.7735631701489	0	0
37.23398247213741	126.7735544498893	0	0
37.23398817431676	126.7735455539938	0	0
37.23399368981944	126.7735366342014	0	0
37.23399905851507	126.773527637134	0	0
37.23400435443826	126.773518448509	0	0
37.23400947231167	126.7735092550866	0	0
37.2340145092437	126.7734999024185	0	0
37.23401938958335	126.7734905286803	0	0
37.23402422814318	126.7734809088174	0	0
37.23402893529092	126.7734712079383	0	0
37.23403351629698	126.7734613610329	0	0
37.23403797838885	126.7734513960124	0	0
37.23404223185454	126.7734415620388	0	0
37.2340464087787	126.7734315256208	0	0
37.234050457314	126.7734214152197	0	0
37.23405435754703	126.773411341858	0	0
37.23405816583696	126.7734011757095	0	0
37.23406184564251	126.7733909899653	0	0
37.23406546733847	126.7733805700172	0	0
37.2340689661789	126.7733701054397	0	0
37.23407230829758	126.7733596866816	0	0
37.23407551529897	126.7733492666494	0	0
37.23407865498771	126.773338611145	0	0
37.23408163525601	126.7733279917383	0	0
37.23408448507718	126.7733173503395	0	0
37.23408719117597	126.77330666408	0	0
37.2340897715659	126.7732958665477	0	0
37.23409220949046	126.7732850139712	0	0
37.23409449065645	126.773274228392	0	0
37.23409663150929	126.7732633586594	0	0
37.23409865722177	126.773252356115	0	0
37.23410052184936	126.7732413543551	0	0
37.23410225510271	126.7732302434359	0	0
37.23410382275991	126.7732191636127	0	0
37.23410525273849	126.7732080741219	0	0
37.23410649981231	126.7731970190908	0	0
37.23410758868166	126.77318586881	0	0
37.23410851728558	126.7731746875132	0	0
37.23410927952108	126.7731633766156	0	0
37.23410987722188	126.773152162088	0	0
37.2341103199696	126.7731409723298	0	0
37.23411064795776	126.7731297350145	0	0
37.23411084080151	126.7731185110974	0	0
37.23411094042281	126.7731072963319	0	0
37.23411090495961	126.7730959597947	0	0
37.23411080842558	126.7730846256466	0	0
37.23411060559641	126.7730733687553	0	0
37.23411034558165	126.7730621598133	0	0
37.23411006222369	126.7730509576162	0	0
37.23410972773105	126.7730396970747	0	0
37.23410938287464	126.7730283998274	0	0
37.23410903822734	126.7730170577314	0	0
37.23410869744548	126.7730056573814	0	0
37.23410836702851	126.7729942746369	0	0
37.23410804584117	126.7729829926339	0	0
37.23410773599918	126.7729718007081	0	0
37.2341074337352	126.7729606422179	0	0
37.23410712383761	126.7729492350388	0	0
37.23410681516162	126.7729378627677	0	0
37.23410651090084	126.7729264919346	0	0
37.23410621055855	126.7729151045675	0	0
37.23410592076287	126.7729038991999	0	0
37.23410563645461	126.7728926626892	0	0
37.23410535742925	126.7728814454428	0	0
37.23410508412852	126.7728702916937	0	0
37.23410481027851	126.7728589615353	0	0
37.23410453889838	126.7728476315316	0	0
37.23410426871593	126.7728362330809	0	0
37.23410400333938	126.77282501568	0	0
37.23410373488055	126.7728136920016	0	0
37.23410346720314	126.7728024051977	0	0
37.23410320184667	126.772791232709	0	0
37.23410293266097	126.7727799164028	0	0
37.23410266241569	126.7727685543388	0	0
37.23410239399929	126.7727572704651	0	0
37.23410212362194	126.7727458923517	0	0
37.23410185831901	126.7727347336508	0	0
37.23410158813958	126.7727233737749	0	0
37.23410132983402	126.7727122158618	0	0
37.23410107450339	126.7727009119315	0	0
37.23410082496596	126.7726895759004	0	0
37.23410058164811	126.7726782228339	0	0
37.2341003464689	126.7726670684157	0	0
37.23410010804135	126.7726556578403	0	0
37.23409987384605	126.7726443448613	0	0
37.23409964251773	126.7726331190823	0	0
37.23409941095186	126.772621866074	0	0
37.23409917874978	126.7726105396288	0	0
37.23409894830201	126.7725992506533	0	0
37.23409871438638	126.7725877571336	0	0
37.23409848516087	126.7725764861773	0	0
37.23409825299403	126.7725650669449	0	0
37.23409802598371	126.7725538940158	0	0
37.23409779393051	126.772542468008	0	0
37.23409756709627	126.7725312488279	0	0
37.23409733855887	126.7725200073068	0	0
37.2340971051203	126.772508729813	0	0
37.23409686513616	126.772497374097	0	0
37.23409661713032	126.7724860609407	0	0
37.2340963545676	126.7724748689648	0	0
37.234096078625	126.7724636339169	0	0
37.23409578721377	126.7724522374957	0	0
37.23409548241142	126.7724408843771	0	0
37.23409517530752	126.7724295928052	0	0
37.23409486708405	126.7724181901803	0	0
37.2340945591703	126.7724069114624	0	0
37.23409424333455	126.7723956197813	0	0
37.23409391941398	126.7723843767608	0	0
37.23409358425552	126.7723729318942	0	0
37.23409324877699	126.7723615857297	0	0
37.23409290748739	126.7723502023852	0	0
37.23409257313765	126.7723389337921	0	0
37.23409224163908	126.7723276354773	0	0
37.23409190862434	126.7723161879418	0	0
37.23409158307474	126.7723048550972	0	0
37.23409126046856	126.7722935109679	0	0
37.23409094036215	126.7722820798935	0	0
37.23409063177205	126.7722708421376	0	0
37.23409032932665	126.7722596611412	0	0
37.2340900325041	126.7722484462831	0	0
37.23408974266518	126.7722372148051	0	0
37.23408946040326	126.7722260340987	0	0
37.23408918264376	126.7722147811994	0	0
37.23408890647261	126.7722033949671	0	0
37.23408863643396	126.7721920401652	0	0
37.23408837218073	126.7721806298238	0	0
37.2340881153365	126.7721692720256	0	0
37.23408785980402	126.7721578417923	0	0
37.2340876060784	126.7721464526948	0	0
37.23408735446595	126.7721350724812	0	0
37.23408710565662	126.7721238981207	0	0
37.23408684752469	126.7721124455949	0	0
37.23408658677152	126.7721009766345	0	0
37.2340863304621	126.7720898081406	0	0
37.23408606627287	126.7720784532991	0	0
37.23408580343871	126.7720672461198	0	0
37.23408553527782	126.7720557985322	0	0
37.23408526739791	126.7720443705566	0	0
37.23408500075311	126.7720330038359	0	0
37.23408473586077	126.7720216984228	0	0
37.23408447378362	126.7720105404643	0	0
37.23408420188236	126.771999057525	0	0
37.23408392784678	126.7719875400524	0	0
37.23408365946094	126.7719763095107	0	0
37.23408339020731	126.7719651383572	0	0
37.23408311515339	126.7719537820628	0	0
37.23408284199503	126.7719424477289	0	0
37.23408257132513	126.7719311874142	0	0
37.23408230160523	126.7719199261122	0	0
37.23408203366788	126.7719087018396	0	0
37.23408176576157	126.7718974277923	0	0
37.23408150252104	126.771886262528	0	0
37.23408123910726	126.7718750392649	0	0
37.23408097402591	126.7718637237127	0	0
37.23408070723975	126.7718523141408	0	0
37.23408044397758	126.7718410191961	0	0
37.23408018354527	126.7718298178768	0	0
37.23407991930364	126.7718184745414	0	0
37.23407965665799	126.7718072037233	0	0
37.2340793924273	126.7717958429909	0	0
37.23407913251597	126.7717846517434	0	0
37.23407887210817	126.7717734513321	0	0
37.23407861053316	126.7717621969553	0	0
37.23407834678097	126.7717508604624	0	0
37.23407808833904	126.7717396289509	0	0
37.23407783592747	126.7717284144749	0	0
37.2340775850355	126.7717171998558	0	0
37.23407733552712	126.7717059728906	0	0
37.23407708957771	126.7716946656668	0	0
37.23407684607358	126.7716833748262	0	0
37.23407660215144	126.7716720667069	0	0
37.23407637466601	126.7716607546866	0	0
37.23407615758239	126.7716495018527	0	0
37.23407597417615	126.7716382879984	0	0
37.23407580816041	126.7716270952666	0	0
37.23407565886681	126.7716159099332	0	0
37.23407552242435	126.7716046535969	0	0
37.23407540709501	126.7715933653338	0	0
37.23407533306362	126.7715821304851	0	0
37.23407532176024	126.7715709532956	0	0
37.23407537239427	126.7715597258955	0	0
37.23407552626515	126.771548560508	0	0
37.23407581738061	126.771537291595	0	0
37.23407628834891	126.7715261297319	0	0
37.23407695130945	126.7715149030133	0	0
37.23407782121861	126.7715037785129	0	0
37.23407889770057	126.7714926706605	0	0
37.23408021448997	126.7714815805934	0	0
37.23408178270631	126.771470501279	0	0
37.2340836175741	126.7714595314346	0	0
37.23408568025241	126.7714486635534	0	0
37.23408799633756	126.7714377677928	0	0
37.23409054901208	126.7714270466022	0	0
37.2340933837451	126.7714163766959	0	0
37.23409647657338	126.771405885572	0	0
37.23409985113038	126.7713955421154	0	0
37.23410356361429	126.7713852530946	0	0
37.2341075258327	126.7713752264353	0	0
37.23411177088462	126.7713654053805	0	0
37.2341162973518	126.7713557443662	0	0
37.23412112644247	126.7713462432373	0	0
37.23412621231014	126.7713369741382	0	0
37.23413158427611	126.7713279450292	0	0
37.23413720065132	126.7713192243134	0	0
37.23414310478376	126.7713107704014	0	0
37.23414933209022	126.7713026046944	0	0
37.23415579708014	126.7712947989465	0	0
37.23416253493631	126.7712873505346	0	0
37.23416953321244	126.7712802451895	0	0
37.23417670738277	126.7712735412258	0	0
37.23418407556213	126.7712672326493	0	0
37.23419165827712	126.7712612805792	0	0
37.23419940138677	126.7712557056046	0	0
37.23420732449674	126.7712504677914	0	0
37.23421542213372	126.7712455618399	0	0
37.23422367526702	126.7712409856318	0	0
37.23423205794741	126.7712368096056	0	0
37.23424051675347	126.7712330254692	0	0
37.23424912736131	126.7712295979939	0	0
37.2342577385833	126.7712265772298	0	0
37.23426649083124	126.7712239288174	0	0
37.23427532937464	126.7712216955571	0	0
37.23428420073443	126.7712198286021	0	0
37.23429307275472	126.7712183344254	0	0
37.23430201027994	126.7712171488462	0	0
37.23431103564413	126.7712163511756	0	0
37.23431998026447	126.7712158370771	0	0
37.23432899294897	126.7712157370551	0	0
37.2343379988513	126.7712159186614	0	0
37.23434696104067	126.7712165728601	0	0
37.23435593553111	126.7712176529966	0	0
37.23436482018768	126.7712190930284	0	0
37.23437364147825	126.7712209356778	0	0
37.23438239506655	126.7712231191527	0	0
37.23439116180587	126.7712256597075	0	0
37.23439986369611	126.7712285546668	0	0
37.23440854181636	126.7712317827447	0	0
37.23441711442742	126.7712353441681	0	0
37.23442547417725	126.7712392438084	0	0
37.23443372841115	126.7712435231348	0	0
37.23444195914482	126.7712482184037	0	0
37.23444997837811	126.771253233277	0	0
37.23445786779175	126.7712585789277	0	0
37.23446562501907	126.7712642691746	0	0
37.23447325747582	126.7712703025332	0	0
37.23448075159972	126.7712766435329	0	0
37.23448808257991	126.7712831806625	0	0
37.2344952442343	126.771289881161	0	0
37.23450231452743	126.7712967945923	0	0
37.23450930504897	126.7713039277915	0	0
37.23451614398288	126.7713112438255	0	0
37.23452290363942	126.7713188102785	0	0
37.23452947013123	126.7713265045974	0	0
37.23453586420268	126.7713343994421	0	0
37.23454214057657	126.7713425288524	0	0
37.23454817963029	126.7713507562989	0	0
37.23455405565363	126.7713591940733	0	0
37.23455981207637	126.7713678529498	0	0
37.2345654738243	126.7713766793457	0	0
37.23457100919052	126.7713855608276	0	0
37.23457641427141	126.7713944576583	0	0
37.2345817766149	126.7714034879539	0	0
37.23458706801958	126.7714126313201	0	0
37.23459231130641	126.7714218726841	0	0
37.23459743721005	126.7714310496344	0	0
37.23460250818923	126.7714402640389	0	0
37.23460759590485	126.7714496285294	0	0
37.2346126286704	126.7714589770091	0	0
37.23461758888845	126.7714682618229	0	0
37.23462258269381	126.7714776827418	0	0
37.23462755579212	126.7714871337284	0	0
37.23463244593076	126.7714965064667	0	0
37.23463725301983	126.7715059136759	0	0
37.23464204930084	126.7715155130858	0	0
37.23464674384832	126.7715251296592	0	0
37.23465132735549	126.7715347228189	0	0
37.23465583836843	126.7715444200883	0	0
37.23466026946135	126.7715542352716	0	0
37.23466462008258	126.7715641316859	0	0
37.23466883196113	126.7715740319263	0	0
37.23467292318877	126.7715839779349	0	0
37.23467694492513	126.7715941438996	0	0
37.23468083883907	126.7716043808702	0	0
37.23468458616539	126.7716146395661	0	0
37.234688219403	126.7716249982988	0	0
37.23469172935125	126.7716354296509	0	0
37.23469514003902	126.7716459709116	0	0
37.23469840696621	126.7716564411435	0	0
37.23470161258803	126.7716670730758	0	0
37.23470470306579	126.7716777026414	0	0
37.23470766470705	126.7716882700227	0	0
37.23471055548116	126.7716990088022	0	0
37.23471331313544	126.7717096840547	0	0
37.2347159491652	126.7717203414469	0	0
37.23471849297671	126.7717310394661	0	0
37.23472099452627	126.7717419612757	0	0
37.23472337191429	126.7717527292936	0	0
37.23472567346974	126.7717635937503	0	0
37.23472789265171	126.7717745142894	0	0
37.23473000463368	126.7717853913063	0	0
37.2347320516761	126.771796401567	0	0
37.23473399274404	126.7718072937725	0	0
37.23473587974922	126.7718183119816	0	0
37.23473766202285	126.7718293082518	0	0
37.23473933606298	126.7718403407305	0	0
37.2347409352999	126.771851550086	0	0
37.23474241788112	126.7718626660691	0	0
37.23474380710408	126.7718738560052	0	0
37.2347450680657	126.771884944277	0	0
37.2347462429416	126.7718961193994	0	0
37.23474725917223	126.771907329598	0	0
37.234748159534	126.771918541863	0	0
37.23474889449998	126.7719297822396	0	0
37.23474954039704	126.7719410501653	0	0
37.23474996977788	126.7719522813882	0	0
37.23475020930383	126.7719635844764	0	0
37.23475043528538	126.7719749237109	0	0
37.23475057356294	126.7719861344588	0	0
37.23475049837103	126.771997302179	0	0
37.23475035875522	126.772008469404	0	0
37.23475010712213	126.772019697218	0	0
37.23474976193476	126.7720309443935	0	0
37.23474930299428	126.7720421528162	0	0
37.23474875126396	126.7720535541919	0	0
37.23474811422839	126.772064829169	0	0
37.23474739861604	126.7720759901426	0	0
37.23474660576137	126.7720873072706	0	0
37.2347456533566	126.7720985617207	0	0
37.23474519625491	126.7721099143853	0	0
37.23474543310112	126.7721211005537	0	0
37.23474572096053	126.7721322664861	0	0
37.23474627014576	126.7721434479322	0	0
37.23474707073899	126.7721545875624	0	0
37.23474789565434	126.7721658035413	0	0
37.23474879329176	126.7721770381051	0	0
37.23474953083833	126.772188215277	0	0
37.23475018513095	126.772199534955	0	0
37.23475047791778	126.7722108503808	0	0
37.23475054926855	126.7722221243992	0	0
37.23475050624168	126.7722333476015	0	0
37.23475006305576	126.7722445018413	0	0
37.23474935245136	126.7722558019623	0	0
37.23474839444611	126.7722670890198	0	0
37.23474711190333	126.7722782654671	0	0
37.23474549785347	126.7722893333866	0	0
37.2347435533014	126.77230039647	0	0
37.23474135177095	126.7723113272542	0	0
37.23473884372138	126.7723222241306	0	0
37.23473616869359	126.7723329087905	0	0
37.23473321831232	126.7723436475216	0	0
37.2347301649843	126.7723541730047	0	0
37.23472692545757	126.7723648792274	0	0
37.23472368270802	126.7723753799901	0	0
37.23472033817551	126.7723859203127	0	0
37.23471702007105	126.7723963294807	0	0
37.23471370043239	126.7724067373321	0	0
37.23471038863477	126.7724171971135	0	0
37.23470705967777	126.7724278084128	0	0
37.23470382690771	126.772438258766	0	0
37.23470062876876	126.7724487839154	0	0
37.23469752798513	126.7724592635715	0	0
37.2346944794887	126.7724698632	0	0
37.23469154223339	126.7724804519816	0	0
37.23468871875377	126.7724911473759	0	0
37.23468602035323	126.7725018735505	0	0
37.23468346432266	126.7725127117521	0	0
37.23468103225098	126.7725236836961	0	0
37.23467881208619	126.7725345509462	0	0
37.23467672764053	126.7725455940803	0	0
37.23467479052406	126.7725567124916	0	0
37.2346730114278	126.7725677015869	0	0
37.23467137625318	126.7725788800466	0	0
37.23466990635267	126.7725900087674	0	0
37.23466859141727	126.7726012193218	0	0
37.23466745379461	126.7726124985557	0	0
37.2346665039307	126.7726237137498	0	0
37.23466572718905	126.7726348883939	0	0
37.23466512517395	126.7726460268183	0	0
37.2346646874858	126.7726573264094	0	0
37.23466437618166	126.7726686927034	0	0
37.23466425695698	126.7726800221144	0	0
37.2346642640358	126.7726913797249	0	0
37.23466449273382	126.7727026704756	0	0
37.23466478674747	126.7727140130164	0	0
37.23466514103475	126.7727254024774	0	0
37.23466568912318	126.7727365562955	0	0
37.23466636030884	126.7727477729035	0	0
37.23466713785735	126.7727590074586	0	0
37.23466806603538	126.7727702687194	0	0
37.23466915854877	126.7727816043445	0	0
37.23467035619019	126.7727926640929	0	0
37.23467174080244	126.7728038957158	0	0
37.23467328401286	126.7728149243375	0	0
37.23467496116406	126.7728259146969	0	0
37.23467682640588	126.7728370115966	0	0
37.23467883194971	126.7728481154028	0	0
37.23468096376127	126.7728590319844	0	0
37.23468323331576	126.7728699569927	0	0
37.23468565191008	126.7728808599958	0	0
37.23468819146191	126.7728916896576	0	0
37.23469084534961	126.7729023741719	0	0
37.23469367005463	126.7729131961359	0	0
37.23469659500917	126.77292384386	0	0
37.23469966067427	126.7729344077472	0	0
37.23470289699114	126.7729449643002	0	0
37.23470629948389	126.772955504287	0	0
37.2347098388744	126.7729659381326	0	0
37.23471347376569	126.7729761505408	0	0
37.23471721297437	126.7729862996506	0	0
37.23472110668924	126.7729964887027	0	0
37.23472512757598	126.7730067002585	0	0
37.23472920439421	126.7730167423377	0	0
37.23473336761596	126.7730267553393	0	0
37.23473761643511	126.7730367055952	0	0
37.23474188385703	126.7730465021377	0	0
37.23474624575245	126.7730563477675	0	0
37.2347506118407	126.7730661142457	0	0
37.23475505319941	126.7730760125177	0	0
37.23475951601475	126.7730859395919	0	0
37.23476395518433	126.7730958615407	0	0
37.2347683802953	126.7731057975352	0	0
37.23477268727855	126.7731155937491	0	0
37.23477701306243	126.7731255441304	0	0
37.23478126013552	126.773135517086	0	0
37.23478545591544	126.7731455876	0	0
37.23478955253854	126.7731557196466	0	0
37.23479354810689	126.7731658776146	0	0
37.23479739292981	126.7731759601272	0	0
37.2348011656134	126.7731862226482	0	0
37.23480485956994	126.7731966526832	0	0
37.23480834481125	126.7732069277275	0	0
37.23481176074209	126.7732174076833	0	0
37.23481502532873	126.7732278183722	0	0
37.23481818230736	126.7732382847301	0	0
37.23482127441559	126.7732489214352	0	0
37.23482424838562	126.7732595099492	0	0
37.23482712034652	126.7732701033958	0	0
37.23482992757215	126.7732808022161	0	0
37.23483264970562	126.7732915361957	0	0
37.23483526167437	126.7733022300469	0	0
37.23483778881746	126.7733129539369	0	0
37.23484024434278	126.773323870836	0	0
37.23484258300147	126.7733347407527	0	0
37.23484482803932	126.773345738407	0	0
37.23484693967164	126.7733566372866	0	0
37.23484894539635	126.7733676518007	0	0
37.23485081620666	126.7733786459514	0	0
37.23485259182198	126.7733897942422	0	0
37.23485420425201	126.7734009175538	0	0
37.23485569302244	126.7734120763798	0	0
37.23485702600993	126.7734231277861	0	0
37.23485825157012	126.7734343975222	0	0
37.23485935218737	126.7734456010097	0	0
37.23486033005868	126.7734568434378	0	0
37.23486118898285	126.7734680183023	0	0
37.23486193346478	126.773479278644	0	0
37.23486258606881	126.7734904272653	0	0
37.23486311834261	126.7735017715188	0	0
37.23486358755015	126.7735130200142	0	0
37.23486392545001	126.7735242236293	0	0
37.2348641169153	126.7735354099945	0	0
37.23486427259991	126.7735467307489	0	0
37.2348643676043	126.773557953552	0	0
37.23486429414567	126.7735691111122	0	0
37.23486414910855	126.7735804788089	0	0
37.23486389424318	126.7735916606383	0	0
37.23486354608016	126.7736029559426	0	0
37.23486309413434	126.7736143172289	0	0
37.23486252485411	126.7736256206606	0	0
37.23486186756357	126.7736368377582	0	0
37.23486109177777	126.773648010244	0	0
37.23486020808338	126.7736592276582	0	0
37.23485920741872	126.7736703800396	0	0
37.23485808004655	126.7736815585326	0	0
37.23485684158681	126.7736926503734	0	0
37.23485547869902	126.7737038196104	0	0
37.23485400417356	126.7737150248351	0	0
37.23485239258875	126.7737262548554	0	0
37.23485069280392	126.7737372856786	0	0
37.23484885992794	126.7737484309472	0	0
37.23484694558278	126.7737593637162	0	0
37.23484490773107	126.7737704256007	0	0
37.23484276810038	126.7737813900134	0	0
37.23484052530053	126.7737923082085	0	0
37.2348381815838	126.7738031839175	0	0
37.23483572886438	126.7738140492353	0	0
37.23483316506189	126.7738247695941	0	0
37.2348304185596	126.7738356534137	0	0
37.23482757949699	126.7738464137939	0	0
37.23482464865639	126.7738570171062	0	0
37.23482156114793	126.7738677581618	0	0
37.23481843356873	126.7738782335179	0	0
37.23481520347553	126.7738886489198	0	0
37.23481180710402	126.7738992226475	0	0
37.23480833487883	126.7739096448293	0	0
37.23480477246204	126.7739200250983	0	0
37.23480113753485	126.7739303026013	0	0
37.23479741104765	126.7739405542951	0	0
37.23479362430702	126.7739506984489	0	0
37.23478974497904	126.7739608094395	0	0
37.23478570458925	126.773971037101	0	0
37.23478156373887	126.7739812132018	0	0
37.23477742013927	126.7739911111986	0	0
37.23477314078873	126.7740010643901	0	0
37.23476873479083	126.7740110344449	0	0
37.23476432002701	126.7740207623289	0	0
37.23475975896259	126.774030548807	0	0
37.23475516383417	126.7740401491526	0	0
37.23475045328934	126.774049727902	0	0
37.23474559787881	126.7740593211473	0	0
37.23474065374169	126.7740688010245	0	0
37.23473567251176	126.7740780749426	0	0
37.2347305736438	126.7740873180451	0	0
37.23472537169597	126.7740964913159	0	0
37.23472008370111	126.7741055758008	0	0
37.23471464311572	126.7741146962945	0	0
37.23470914901582	126.7741236816834	0	0
37.23470354259359	126.7741326151816	0	0
37.23469785103035	126.7741414496315	0	0
37.23469208912674	126.7741501334429	0	0
37.23468624691758	126.7741586919486	0	0
37.23468031414154	126.7741671545729	0	0
37.23467423028869	126.7741756052829	0	0
37.23466813123176	126.7741838510531	0	0
37.23466188909315	126.7741920640256	0	0
37.23465556238571	126.7742001599762	0	0
37.23464923842163	126.7742080425713	0	0
37.23464275871715	126.7742159269668	0	0
37.23463614736429	126.7742237661864	0	0
37.23462947091391	126.7742315134756	0	0
37.23462282123381	126.7742390767393	0	0
37.23461614771644	126.7742464989382	0	0
37.23460931050464	126.7742539666349	0	0
37.23460239301188	126.7742613920689	0	0
37.23459552982452	126.774268662197	0	0
37.23458855426404	126.7742759438101	0	0
37.23458150851526	126.7742832001326	0	0
37.23457458844768	126.774290244911	0	0
37.23456749312282	126.7742973807608	0	0
37.23456038391299	126.7743044471452	0	0
37.2345533323177	126.7743113726419	0	0
37.23454624485634	126.7743182677469	0	0
37.23453916298291	126.774325109859	0	0
37.23453193079906	126.7743320444109	0	0
37.23452472286004	126.774338920581	0	0
37.23451755932918	126.7743457206342	0	0
37.23451037161055	126.7743525107191	0	0
37.23450314664191	126.7743593139304	0	0
37.23449589796808	126.7743661175203	0	0
37.23448858073498	126.7743729851884	0	0
37.2344813302195	126.7743797934306	0	0
37.23447403664027	126.774386642574	0	0
37.2344668409346	126.7743934038806	0	0
37.23445959304045	126.7744002177576	0	0
37.23445236545325	126.7744070132195	0	0
37.23444504121036	126.7744138990417	0	0
37.2344377935247	126.7744207140185	0	0
37.23443063910955	126.7744274441585	0	0
37.23442338401586	126.7744342716238	0	0
37.23441608126763	126.7744411465896	0	0
37.23440878914891	126.7744480143015	0	0
37.23440149824421	126.7744548832433	0	0
37.23439432008207	126.774461648096	0	0
37.23438706495138	126.7744684878202	0	0
37.23437986882712	126.7744752730588	0	0
37.23437264943145	126.7744820817511	0	0
37.23436551463591	126.7744888105836	0	0
37.23435834004854	126.7744955752901	0	0
37.23435112454132	126.7745023772622	0	0
37.23434392964501	126.7745091570382	0	0
37.23433673886768	126.7745159302738	0	0
37.2343295197166	126.7745227278163	0	0
37.23432237568086	126.7745294523133	0	0
37.2343151973031	126.7745362046343	0	0
37.23430806557862	126.7745429082186	0	0
37.2343008766768	126.7745496615891	0	0
37.23429365471529	126.7745564418788	0	0
37.23428643653568	126.7745632169081	0	0
37.23427929603642	126.7745699178038	0	0
37.23427211566283	126.7745766539825	0	0
37.23426493595453	126.7745833875354	0	0
37.23425769710391	126.7745901731016	0	0
37.23425055144245	126.7745968682246	0	0
37.23424335684426	126.7746036095754	0	0
37.23423618998019	126.7746103277453	0	0
37.23422894636327	126.7746171227192	0	0
37.23422172114961	126.7746239109366	0	0
37.23421452114545	126.7746306874598	0	0
37.23420736328525	126.7746374376402	0	0
37.23420017059732	126.7746442284272	0	0
37.23419301962654	126.7746509862997	0	0
37.23418578504509	126.7746578331824	0	0
37.23417861803942	126.7746646241746	0	0
37.23417150052874	126.7746713760611	0	0
37.23416430690013	126.7746782038526	0	0
37.23415719184213	126.7746849778184	0	0
37.23415003123104	126.7746918333454	0	0
37.23414293519055	126.7746987032999	0	0
37.2341359113278	126.7747056033109	0	0
37.23412889229193	126.7747126423111	0	0
37.23412189143463	126.774719832868	0	0
37.23411497539924	126.7747271046836	0	0
37.23410818340592	126.7747343821051	0	0
37.23410137971439	126.7747418010197	0	0
37.23409465869543	126.7747492633874	0	0
37.23408800401884	126.7747568515694	0	0
37.23408144767658	126.7747645807016	0	0
37.23407497152645	126.774772494174	0	0
37.23406872478201	126.7747805262246	0	0
37.2340626127644	126.774788850033	0	0
37.23405675636069	126.7747973957919	0	0
37.23405117937778	126.7748061876704	0	0
37.23404584253894	126.7748151838224	0	0
37.23404077412094	126.7748244312125	0	0
37.23403597370999	126.7748338721957	0	0
37.23403144015136	126.7748435267455	0	0
37.23402715957895	126.7748533817545	0	0
37.23402315365742	126.7748634138481	0	0
37.2340194090521	126.7748736291199	0	0
37.23401588238724	126.774884017591	0	0
37.23401264952268	126.7748944273608	0	0
37.23400963798343	126.7749050673524	0	0
37.23400687753013	126.7749158025744	0	0
37.23400437243046	126.774926541498	0	0
37.2340020730944	126.7749374260497	0	0
37.23400002714914	126.7749484479236	0	0
37.233998230183	126.7749593857976	0	0
37.233996631928	126.7749705195964	0	0
37.23399529128879	126.7749815578945	0	0
37.23399417664179	126.7749927299317	0	0
37.23399330478592	126.7750039463961	0	0
37.23399272614802	126.775015129832	0	0
37.2339923822819	126.7750263494438	0	0
37.2339923851566	126.7750375999766	0	0
37.23399254948311	126.7750488169553	0	0
37.2339930855414	126.7750599895832	0	0
37.23399387682548	126.7750712345812	0	0
37.23399500691279	126.775082363994	0	0
37.23399643957841	126.775093423677	0	0
37.23399819922617	126.7751044952126	0	0
37.23400022636047	126.7751154578957	0	0
37.23400255801168	126.7751263283638	0	0
37.23400517006796	126.7751370659509	0	0
37.23400805996216	126.7751477690934	0	0
37.23401119665601	126.7751583227187	0	0
37.23401454944917	126.7751686795347	0	0
37.23401819486974	126.7751790412485	0	0
37.23402202929694	126.775189164467	0	0
37.23402611348294	126.7751991685367	0	0
37.23403049061331	126.7752090800414	0	0
37.23403505002833	126.7752186862764	0	0
37.23403987649124	126.7752281949314	0	0
37.23404488044626	126.7752374573084	0	0
37.23405007510708	126.7752465407155	0	0
37.23405552232029	126.7752555970531	0	0
37.23406106670376	126.7752643699799	0	0
37.23406685799839	126.7752730808013	0	0
37.23407273240402	126.7752814847519	0	0
37.23407878396667	126.7752896863454	0	0
37.23408507315302	126.7752976874951	0	0
37.23409152713279	126.7753056218981	0	0
37.23409808741086	126.7753132983051	0	0
37.23410486904343	126.775320657714	0	0
37.23411181503893	126.7753278622202	0	0
37.23411887499937	126.7753347711199	0	0
37.23412615791948	126.7753413581278	0	0
37.23413364098605	126.7753474327387	0	0
37.23414133430933	126.7753531226392	0	0
37.23414927599082	126.7753584925807	0	0
37.2341573231162	126.7753633968189	0	0
37.23416553194851	126.7753679383981	0	0
37.23417386863126	126.7753721357813	0	0
37.23418225337556	126.7753759754133	0	0
37.23419075569567	126.7753795094895	0	0
37.23419940436978	126.7753827716688	0	0
37.23420807350695	126.7753858315046	0	0
37.23421679673665	126.7753886527236	0	0
37.23422548502976	126.7753912458602	0	0
37.23423426182188	126.7753936762187	0	0
37.23424304837437	126.7753959430221	0	0
37.23425193148378	126.7753981184717	0	0
37.23426079738326	126.7754001812317	0	0
37.23426970579513	126.7754020978192	0	0
37.23427866099092	126.7754038826227	0	0
37.2342875599028	126.7754055450092	0	0
37.23429646353664	126.775407092829	0	0
37.23430532363398	126.775408519154	0	0
37.23431422575145	126.7754098616356	0	0
37.23432313841268	126.7754111215798	0	0
37.23433204211607	126.7754123042063	0	0
37.23434100757512	126.77541342308	0	0
37.23434991344089	126.7754144683712	0	0
37.23435896203517	126.7754154614691	0	0
37.23436799195798	126.7754163714333	0	0
37.2343769284486	126.7754171824007	0	0
37.23438594097242	126.775417880265	0	0
37.23439486528464	126.7754184644185	0	0
37.23440379928691	126.7754189078215	0	0
37.23441276847652	126.7754192400679	0	0
37.23442181474877	126.7754194368954	0	0
37.23443084194957	126.7754195198354	0	0
37.23443987374345	126.775419424913	0	0
37.23444888656367	126.7754192512821	0	0
37.23445796601243	126.7754189245115	0	0
37.23446701068179	126.7754184655725	0	0
37.23447608271648	126.7754179262476	0	0
37.23448500656117	126.7754172578052	0	0
37.23449395427451	126.7754165142553	0	0
37.23450294457059	126.7754156622529	0	0
37.23451184900409	126.7754147387665	0	0
37.23452079256563	126.7754137088932	0	0
37.23452980755211	126.7754125563359	0	0
37.23453877767192	126.7754112877797	0	0
37.2345476907001	126.7754099247581	0	0
37.23455654497965	126.7754084386639	0	0
37.23456555511651	126.7754068060203	0	0
37.23457456783415	126.775405042383	0	0
37.23458340239894	126.7754031778159	0	0
37.23459237764911	126.7754011313062	0	0
37.23460122159521	126.7753989955649	0	0
37.23461010434492	126.7753967112396	0	0
37.23461887891812	126.7753943020054	0	0
37.23462767433409	126.7753917348562	0	0
37.23463635526786	126.7753890767862	0	0
37.23464506180694	126.7753862930797	0	0
37.23465383598117	126.7753833527146	0	0
37.23466252309134	126.7753803272233	0	0
37.23467128018734	126.7753771522463	0	0
37.2346799601013	126.7753738885155	0	0
37.23468857685056	126.7753705292324	0	0
37.23469722563034	126.7753670409498	0	0
37.2347057859484	126.7753634745187	0	0
37.23471437479424	126.7753597851565	0	0
37.23472296968547	126.7753559920732	0	0
37.23473137205587	126.775352176743	0	0
37.2347398608596	126.775348208908	0	0
37.23474820469505	126.7753442019097	0	0
37.23475656451219	126.7753400691833	0	0
37.23476496742241	126.7753357933576	0	0
37.23477331512454	126.7753314260524	0	0
37.2347815855659	126.775326981908	0	0
37.23478984399729	126.7753224148256	0	0
37.23479808390071	126.7753177337468	0	0
37.23480636628433	126.7753129130355	0	0
37.23481454852624	126.7753080285678	0	0
37.23482274853651	126.7753030099028	0	0
37.23483087865063	126.7752979031735	0	0
37.23483894214995	126.7752927202236	0	0
37.2348469385005	126.7752874632802	0	0
37.23485489884305	126.775282095509	0	0
37.23486279317017	126.7752766330377	0	0
37.23487061084887	126.7752710857325	0	0
37.23487844927403	126.7752653858841	0	0
37.2348862063232	126.7752595946884	0	0
37.23489390344307	126.775253702357	0	0
37.23490150786931	126.775247734873	0	0
37.23490911964623	126.7752416080285	0	0
37.23491672432156	126.7752353217183	0	0
37.23492420103052	126.7752289734816	0	0
37.2349316581106	126.7752224899026	0	0
37.23493910337618	126.7752158678683	0	0
37.23494634142421	126.7752092710722	0	0
37.23495361164971	126.7752024858385	0	0
37.23496077156729	126.7751956747406	0	0
37.23496788610972	126.7751887714114	0	0
37.23497502904394	126.7751816963206	0	0
37.23498196388177	126.7751746735011	0	0
37.23498891715057	126.7751674850479	0	0
37.2349958783427	126.7751601372897	0	0
37.23500276007152	126.7751527143413	0	0
37.23500949310145	126.7751453042194	0	0
37.23501616040091	126.7751378275263	0	0
37.23502281402749	126.7751302364856	0	0
37.23502943919379	126.7751225465737	0	0
37.23503599723966	126.7751147968597	0	0
37.23504256912445	126.7751068711702	0	0
37.23504912812056	126.7750988082849	0	0
37.2350555853244	126.7750907373476	0	0
37.2350620163643	126.7750825968354	0	0
37.23506829717928	126.7750745328926	0	0
37.2350745463521	126.7750663773384	0	0
37.23508078395447	126.7750580962256	0	0
37.23508703352872	126.775049662084	0	0
37.23509322403198	126.7750411990724	0	0
37.23509927188117	126.7750327974543	0	0
37.23510525487328	126.7750243430074	0	0
37.2351111823932	126.7750158481313	0	0
37.23511716767467	126.7750071647005	0	0
37.23512313497293	126.7749984091644	0	0
37.23512895100679	126.7749897697729	0	0
37.23513479471244	126.7749809763505	0	0
37.23514048168453	126.7749723032738	0	0
37.23514611952363	126.7749635858805	0	0
37.23515179864822	126.7749546802648	0	0
37.23515738194191	126.7749458157608	0	0
37.23516294975235	126.7749368661061	0	0
37.23516849073398	126.7749278522304	0	0
37.2351739750283	126.7749187878763	0	0
37.23517945263083	126.7749095910987	0	0
37.23518488840558	126.7749003281432	0	0
37.23519026095129	126.7748910372775	0	0
37.23519546961676	126.7748818805042	0	0
37.23520060671812	126.7748727141322	0	0
37.23520576438438	126.7748633913332	0	0
37.23521080103857	126.7748541749851	0	0
37.23521584713922	126.7748448218773	0	0
37.23522080492693	126.7748355049995	0	0
37.23522581914507	126.7748259586841	0	0
37.23523073437744	126.7748164526474	0	0
37.2352355664118	126.7748069559214	0	0
37.23524035357458	126.7747974011365	0	0
37.23524505768445	126.7747878356236	0	0
37.23524971390073	126.7747781735609	0	0
37.23525428534095	126.7747685088915	0	0
37.23525887170491	126.774758621954	0	0
37.23526338809293	126.7747486618753	0	0
37.23526778467586	126.7747387735073	0	0
37.23527211928226	126.7747288996177	0	0
37.23527638182859	126.7747190618433	0	0
37.23528059353509	126.7747092218155	0	0
37.23528481087688	126.7746992889554	0	0
37.23528905623794	126.7746892123937	0	0
37.23529324088538	126.7746791740441	0	0
37.23529738291636	126.7746691067422	0	0
37.23530149693018	126.7746589874994	0	0
37.23530555871588	126.7746488460276	0	0
37.23530952455739	126.7746387914668	0	0
37.23531345730051	126.7746286694543	0	0
37.23531738304842	126.7746183734227	0	0
37.23532117826854	126.7746082490164	0	0
37.23532490427165	126.7745980896361	0	0
37.23532857626956	126.7745878341071	0	0
37.23533227667137	126.7745772663355	0	0
37.23533585377579	126.7745668276606	0	0
37.2353393087345	126.7745564542303	0	0
37.23534265685441	126.7745460977027	0	0
37.23534597208243	126.7745355734963	0	0
37.23534923126636	126.7745249918316	0	0
37.23535242613907	126.7745143785484	0	0
37.23535556477736	126.7745036885152	0	0
37.23535864845893	126.7744929435721	0	0
37.23536166463221	126.7744822014271	0	0
37.23536460444516	126.7744715245934	0	0
37.23536751904499	126.7744607064616	0	0
37.23537035385561	126.7744499763093	0	0
37.2353731728884	126.7744391347349	0	0
37.23537594187035	126.7744283264686	0	0
37.23537862467566	126.7744176688098	0	0
37.23538131614851	126.7744067983713	0	0
37.23538395798666	126.774395953744	0	0
37.23538658532782	126.7743849795259	0	0
37.23538914057431	126.77437412639	0	0
37.23539165819937	126.774363247659	0	0
37.23539414557259	126.7743522026926	0	0
37.23539651030693	126.7743413894847	0	0
37.23539884401681	126.7743304376457	0	0
37.23540108724535	126.7743195837741	0	0
37.23540329970216	126.7743085573174	0	0
37.23540543213245	126.7742975617301	0	0
37.23540750213409	126.7742864256821	0	0
37.23540948290302	126.7742753430177	0	0
37.2354113581227	126.7742643792659	0	0
37.23541318738523	126.7742532023975	0	0
37.2354149169712	126.7742422086528	0	0
37.23541661543693	126.7742309443924	0	0
37.2354181851567	126.774219936073	0	0
37.23541969377283	126.7742087748869	0	0
37.23542110225942	126.7741977346884	0	0
37.23542245693997	126.7741865177714	0	0
37.2354237382345	126.7741754251792	0	0
37.23542498517069	126.7741640970476	0	0
37.23542615464907	126.7741529129307	0	0
37.235427262077	126.7741416990245	0	0
37.23542831410292	126.7741303768035	0	0
37.23542931079975	126.7741190433936	0	0
37.23543023844086	126.7741078654507	0	0
37.23543111935558	126.7740964471517	0	0
37.23543191925762	126.7740853337916	0	0
37.23543268155621	126.7740740083714	0	0
37.23543339902533	126.7740626257671	0	0
37.23543407380734	126.7740512052977	0	0
37.23543469130955	126.7740400454538	0	0
37.23543527649323	126.7740288386537	0	0
37.23543583406311	126.7740174231273	0	0
37.23543632093732	126.7740061549737	0	0
37.23543675970404	126.7739948933673	0	0
37.23543713962635	126.7739835499607	0	0
37.23543745093104	126.773972143475	0	0
37.2354377124094	126.7739607949638	0	0
37.23543792012762	126.773949395222	0	0
37.23543805711507	126.7739380188519	0	0
37.23543815169221	126.7739267683008	0	0
37.23543819103005	126.7739155799264	0	0
37.23543816924946	126.7739043736006	0	0
37.23543811581581	126.7738931847978	0	0
37.2354379979343	126.7738819221548	0	0
37.2354378378108	126.7738704529966	0	0
37.23543766448169	126.773859168236	0	0
37.23543746857717	126.7738479418266	0	0
37.23543724054915	126.7738367437439	0	0
37.23543698900344	126.7738254477134	0	0
37.23543673614304	126.7738142382811	0	0
37.23543646876703	126.7738029743424	0	0
37.235436197883	126.7737916835215	0	0
37.23543593296671	126.7737802999948	0	0
37.23543567441381	126.7737690242072	0	0
37.2354354209486	126.7737578125129	0	0
37.23543516734001	126.7737464756861	0	0
37.23543491559601	126.7737350915168	0	0
37.23543466810894	126.77372365006	0	0
37.23543443111291	126.773712397477	0	0
37.23543419658286	126.7737011195011	0	0
37.23543396304526	126.7736899227766	0	0
37.23543372581847	126.773678553615	0	0
37.23543349083754	126.7736673604614	0	0
37.23543324323762	126.7736558616245	0	0
37.23543298727323	126.7736443336882	0	0
37.23543273000946	126.7736328813619	0	0
37.23543262231794	126.7736281147402	0	0
