37.23539768485972	126.7721576423378	0	0
37.23539743947396	126.7721463951633	0	0
37.23539718334953	126.772135228823	0	0
37.2353969146221	126.7721239834511	0	0
37.23539663680752	126.7721126832302	0	0
37.23539635567359	126.7721013857813	0	0
37.23539606931755	126.7720900950383	0	0
37.2353957776949	126.7720788402282	0	0
37.23539548589221	126.7720676381121	0	0
37.23539518799541	126.7720563914584	0	0
37.2353948789	126.7720450550692	0	0
37.23539457055045	126.7720338788585	0	0
37.23539425804191	126.7720226723603	0	0
37.23539394104521	126.7720114402683	0	0
37.23539361857875	126.7720000884692	0	0
37.23539329990174	126.7719887597981	0	0
37.23539298153509	126.7719774189216	0	0
37.2353926621315	126.7719661829537	0	0
37.23539234612681	126.7719548732213	0	0
37.23539204418821	126.7719436279024	0	0
37.23539175091148	126.7719324519448	0	0
37.23539145880746	126.7719211486727	0	0
37.23539117353702	126.7719098510937	0	0
37.23539089884913	126.7718986843156	0	0
37.23539062720591	126.7718874676021	0	0
37.23539035682038	126.7718761507344	0	0
37.23539008999932	126.7718649231736	0	0
37.23538982132995	126.7718536679417	0	0
37.23538955436599	126.7718423745481	0	0
37.23538928955892	126.7718309631924	0	0
37.23538902847152	126.7718195738803	0	0
37.23538877477104	126.771808406828	0	0
37.23538851988088	126.7717970906216	0	0
37.23538827116238	126.7717857620412	0	0
37.2353880307932	126.7717746003151	0	0
37.23538779179565	126.7717632134765	0	0
37.23538756495932	126.7717519982512	0	0
37.23538733625371	126.7717407719805	0	0
37.23538709075395	126.7717294510799	0	0
37.23538683079327	126.7717182711902	0	0
37.23538654729803	126.7717070131868	0	0
37.23538622418094	126.7716957125926	0	0
37.23538587470542	126.7716844928514	0	0
37.23538547202148	126.7716731662536	0	0
37.23538503826409	126.771662001398	0	0
37.23538458004408	126.7716508044616	0	0
37.23538408397956	126.7716396221485	0	0
37.23538353361386	126.7716283462521	0	0
37.23538292735854	126.7716172077055	0	0
37.23538224849239	126.7716058715439	0	0
37.2353814953596	126.7715947225762	0	0
37.23538066418048	126.7715835428736	0	0
37.2353797736037	126.7715724166081	0	0
37.2353787901861	126.7715611456744	0	0
37.23537775597775	126.7715499978229	0	0
37.23537662595624	126.7715386522406	0	0
37.23537545290143	126.7715275089418	0	0
37.23537423030933	126.7715164346669	0	0
37.23537291473812	126.771505239902	0	0
37.23537151345111	126.7714940315191	0	0
37.23537005368983	126.7714829980559	0	0
37.23536850934025	126.7714718307895	0	0
37.23536687840187	126.7714606699409	0	0
37.23536519514247	126.7714497035206	0	0
37.23536344432399	126.7714387173048	0	0
37.23536160509678	126.7714277272208	0	0
37.23535967187346	126.7714168364122	0	0
37.23535761683615	126.7714058680137	0	0
37.23535546783739	126.7713949431332	0	0
37.23535317743278	126.7713840068192	0	0
37.23535075265783	126.7713730783885	0	0
37.23534824548729	126.7713622799541	0	0
37.23534561531481	126.7713514931158	0	0
37.23534289347781	126.7713407890936	0	0
37.23534007859886	126.7713301844629	0	0
37.23533715869148	126.7713196283346	0	0
37.23533408531993	126.771308976585	0	0
37.23533092301949	126.7712984371229	0	0
37.23532767191457	126.7712879501273	0	0
37.23532428392132	126.7712774092281	0	0
37.23532080953052	126.7712668831786	0	0
37.23531726166052	126.7712564116707	0	0
37.23531367833202	126.7712460865672	0	0
37.23531002501642	126.7712358447823	0	0
37.23530626232598	126.7712255696724	0	0
37.23530241695511	126.7712153229508	0	0
37.2352984738621	126.7712050852654	0	0
37.23529453069914	126.771195054312	0	0
37.23529045404701	126.7711848881321	0	0
37.23528632747778	126.7711747853711	0	0
37.23528218811591	126.7711648573004	0	0
37.23527795462662	126.7711549291114	0	0
37.23527362781763	126.7711449984211	0	0
37.23526921607435	126.7711350784066	0	0
37.23526479675004	126.7711253588268	0	0
37.23526022276004	126.7711155228601	0	0
37.23525555165409	126.7711057717142	0	0
37.23525081851113	126.7710961986292	0	0
37.23524602489023	126.7710867576324	0	0
37.23524105055418	126.7710772462151	0	0
37.23523599201143	126.7710678837725	0	0
37.23523080463681	126.771058583548	0	0
37.23522549588997	126.7710493460321	0	0
37.2352201449659	126.7710402841305	0	0
37.23521464099292	126.7710312458844	0	0
37.23520901653296	126.7710222899389	0	0
37.23520327216049	126.7710134079435	0	0
37.23519750968337	126.7710047512085	0	0
37.2351916149212	126.7709961063602	0	0
37.23518568373606	126.7709876211536	0	0
37.23517968388662	126.7709792442966	0	0
37.2351735554553	126.7709708704408	0	0
37.2351673581618	126.7709625845861	0	0
37.23516108421452	126.7709543708089	0	0
37.23515484183919	126.7709463721269	0	0
37.23514854706642	126.7709384307168	0	0
37.23514208766047	126.7709303937958	0	0
37.23513559661897	126.7709224495903	0	0
37.23512907754395	126.7709145955747	0	0
37.23512252405715	126.7709068278887	0	0
37.23511590345681	126.7708991255101	0	0
37.23510921143794	126.7708914779167	0	0
37.23510254036319	126.7708840223269	0	0
37.23509576533123	126.7708766315311	0	0
37.2350889271617	126.7708693362121	0	0
37.23508194338217	126.7708620641587	0	0
37.23507496806972	126.7708549788054	0	0
37.23506783709372	126.7708479013368	0	0
37.23506074491755	126.7708410202642	0	0
37.23505349409268	126.7708341271348	0	0
37.23504628074335	126.7708273997161	0	0
37.23503900171578	126.7708207443163	0	0
37.23503165414778	126.7708141574016	0	0
37.23502421579688	126.7708076164601	0	0
37.23501685156957	126.7708012623006	0	0
37.23500944180258	126.7707950140789	0	0
37.23500196773769	126.7707888651221	0	0
37.23499438291813	126.7707827658409	0	0
37.23498673545387	126.7707767454477	0	0
37.23497905982703	126.7707708282387	0	0
37.23497124073005	126.7707649374136	0	0
37.2349635319756	126.7707592691153	0	0
37.23495572414046	126.7707536710572	0	0
37.23494792539151	126.7707482141467	0	0
37.23493994299634	126.7707427781037	0	0
37.23493187075626	126.7707374283757	0	0
37.23492392856735	126.7707323161301	0	0
37.23491574952481	126.7707272145974	0	0
37.2349075994229	126.7707222826843	0	0
37.23489945503769	126.7707174974383	0	0
37.2348911589009	126.7707127608248	0	0
37.23488282368709	126.7707081493647	0	0
37.23487460081808	126.7707037480897	0	0
37.23486630390765	126.7706994467201	0	0
37.23485789292623	126.7706952331335	0	0
37.23484950563439	126.7706911771295	0	0
37.23484110339697	126.7706872401738	0	0
37.2348327047983	126.7706834163113	0	0
37.23482425783816	126.770679681567	0	0
37.23481568273824	126.7706760267952	0	0
37.23480708528385	126.7706724916603	0	0
37.23479840953625	126.7706690558096	0	0
37.23478979121715	126.7706657856634	0	0
37.23478119473151	126.7706626534971	0	0
37.23477252470327	126.7706596172564	0	0
37.23476377151954	126.7706566674312	0	0
37.23475492287298	126.7706538014275	0	0
37.23474612418349	126.7706510620764	0	0
37.23473737125702	126.7706484365374	0	0
37.23472847546386	126.7706458869693	0	0
37.23471963466564	126.7706434747061	0	0
37.23471089691227	126.7706412038423	0	0
37.23470203118122	126.7706390269801	0	0
37.23469304277371	126.7706369402365	0	0
37.23468403813752	126.7706349530961	0	0
37.23467511942544	126.7706330713373	0	0
37.23466618721021	126.7706312777076	0	0
37.23465723946691	126.7706295809593	0	0
37.23464821681077	126.770627950267	0	0
37.23463918247231	126.7706264294791	0	0
37.23463018005067	126.770625051614	0	0
37.23462109810045	126.7706237738756	0	0
37.23461211868526	126.7706226482391	0	0
37.23460314073303	126.7706216392695	0	0
37.23459410965514	126.7706207358003	0	0
37.23458520946519	126.7706199672915	0	0
37.23457618860306	126.7706192857086	0	0
37.23456714806776	126.7706187039327	0	0
37.23455803549864	126.7706182091701	0	0
37.23454910547252	126.7706178003813	0	0
37.23454005794285	126.770617468469	0	0
37.23453104493453	126.7706171942537	0	0
37.23452204787702	126.7706169918051	0	0
37.23451310428745	126.7706168826348	0	0
37.23450418274088	126.7706168273451	0	0
37.23449522760481	126.7706168523926	0	0
37.23448630327662	126.7706169402197	0	0
37.23447731048059	126.7706170699266	0	0
37.23446838997574	126.770617266568	0	0
37.23445934217801	126.7706174950577	0	0
37.23445028255144	126.7706177421034	0	0
37.23444125824459	126.7706180191138	0	0
37.23443232663166	126.7706183273881	0	0
37.23442332848151	126.7706186522527	0	0
37.23441429337577	126.7706189981873	0	0
37.23440531611242	126.7706193665733	0	0
37.23439621757024	126.7706197524648	0	0
37.23438729067176	126.7706201499373	0	0
37.23437829439614	126.7706205604501	0	0
37.2343692774731	126.7706209852163	0	0
37.23436017317369	126.7706214185621	0	0
37.234351195904	126.7706218468113	0	0
37.23434220919232	126.7706222744956	0	0
37.23433328849114	126.7706226926475	0	0
37.23432435615453	126.7706231055149	0	0
37.23431543630407	126.7706235078731	0	0
37.23430633268313	126.7706239102581	0	0
37.23429737539044	126.7706242967904	0	0
37.23428843858721	126.7706246736914	0	0
37.23427936105364	126.7706250489071	0	0
37.23427026995365	126.7706254176169	0	0
37.23426118350206	126.7706257807781	0	0
37.23425225623622	126.7706261304563	0	0
37.23424319253813	126.770626487852	0	0
37.23423426656508	126.7706268404624	0	0
37.23422519434977	126.7706272233748	0	0
37.23421616933621	126.7706276949049	0	0
37.23420725818508	126.7706282567176	0	0
37.23419821582853	126.7706289387009	0	0
37.23418931133757	126.770629734958	0	0
37.23418023555524	126.7706306117602	0	0
37.23417126265047	126.7706315505354	0	0
37.23416231238206	126.7706325276683	0	0
37.23415340267308	126.7706335529358	0	0
37.23414437184712	126.7706346228046	0	0
37.23413541643723	126.770635716465	0	0
37.23412646473444	126.7706368275289	0	0
37.23411746029974	126.7706379638019	0	0
37.2341084044302	126.770639129854	0	0
37.23409951894651	126.7706402954053	0	0
37.23409049722042	126.770641593762	0	0
37.23408155769326	126.7706430368643	0	0
37.23407257417468	126.7706446555876	0	0
37.23406367664175	126.7706464808716	0	0
37.23405478217963	126.7706484895633	0	0
37.23404589575161	126.7706506863234	0	0
37.23403701414664	126.7706530619144	0	0
37.2340281384844	126.7706555899267	0	0
37.23401941764132	126.7706582306167	0	0
37.23401065910031	126.7706611047854	0	0
37.23400202991061	126.7706641684385	0	0
37.23399338403112	126.7706674881141	0	0
37.23398487237598	126.7706710182946	0	0
37.2339763776	126.7706747458362	0	0
37.23396786494455	126.7706787049577	0	0
37.23395954217847	126.7706827374225	0	0
37.23395119222572	126.7706869611732	0	0
37.23394293463333	126.770691313054	0	0
37.23393472321102	126.7706958285851	0	0
37.23392656695953	126.7707004957365	0	0
37.233918452918	126.7707053268691	0	0
37.2339103610825	126.7707103924211	0	0
37.23390244268031	126.7707156740543	0	0
37.23389448477736	126.7707207269384	0	0
37.23388631494999	126.7707255709257	0	0
37.23387800054685	126.770730010193	0	0
37.23386941031234	126.770733760785	0	0
37.23386084865484	126.7707370931361	0	0
37.23385228911284	126.7707403672504	0	0
37.23384368692739	126.770743638922	0	0
37.23383508216041	126.7707470706294	0	0
37.23382657537523	126.7707506008168	0	0
37.23381811183371	126.7707543842591	0	0
37.23380964462206	126.7707584733814	0	0
37.23380138380103	126.7707627892832	0	0
37.2337932260257	126.770767427865	0	0
37.23378511106419	126.7707722856798	0	0
37.23377697307453	126.770777355806	0	0
37.23376904195635	126.770782666383	0	0
37.23376123814961	126.7707884101919	0	0
37.23375365718402	126.7707944673947	0	0
37.23374629428012	126.7708008690938	0	0
37.23373905236277	126.770807734299	0	0
37.23373206653375	126.7708148879119	0	0
37.23372518237948	126.7708223887487	0	0
37.23371863553893	126.770829970076	0	0
37.23371219293996	126.7708379056502	0	0
37.23370597343493	126.770845976056	0	0
37.23369987017432	126.7708543337595	0	0
37.23369391586709	126.7708628413298	0	0
37.23368809481882	126.7708715086176	0	0
37.23368239138486	126.7708802973284	0	0
37.23367680311193	126.770889187414	0	0
37.23367135309569	126.7708981166615	0	0
37.23366593611193	126.7709072485226	0	0
37.23366068066593	126.770916376256	0	0
37.23365545860132	126.7709257057565	0	0
37.23365036931988	126.7709350659233	0	0
37.23364539292174	126.7709445105786	0	0
37.23364050760787	126.7709540714441	0	0
37.23363578850839	126.7709635719399	0	0
37.23363111945812	126.7709732405758	0	0
37.23362658605276	126.770982882643	0	0
37.23362211238921	126.7709926459475	0	0
37.23361775970803	126.7710024217649	0	0
37.23361344011146	126.7710124038287	0	0
37.23360924279618	126.7710224191552	0	0
37.23360517507421	126.7710325143219	0	0
37.23360129218756	126.77104257956	0	0
37.23359754365511	126.7710527365233	0	0
37.23359387050508	126.7710630786318	0	0
37.23359036426968	126.7710733873217	0	0
37.23358695619537	126.7710838716824	0	0
37.23358368338091	126.7710943667503	0	0
37.23358048631597	126.7711050423566	0	0
37.23357738740587	126.7711157629036	0	0
37.23357443414679	126.7711263214925	0	0
37.23357150877496	126.7711370896378	0	0
37.23356866852217	126.7711478005454	0	0
37.23356590481884	126.7711584624945	0	0
37.23356317849562	126.7711690908655	0	0
37.23356048149238	126.771179731103	0	0
37.23355775188952	126.7711905581835	0	0
37.23355505448529	126.7712013377464	0	0
37.23355237285455	126.7712120059363	0	0
37.23354962985304	126.7712228566461	0	0
37.23354691319418	126.7712334952887	0	0
37.23354412392501	126.7712442065266	0	0
37.23354130068283	126.7712548455354	0	0
37.23353839538542	126.7712655525715	0	0
37.23353543153023	126.7712762462247	0	0
37.23353239514971	126.7712869718044	0	0
37.23352933944475	126.7712975373354	0	0
37.23352621201624	126.7713081119926	0	0
37.23352299985273	126.7713187088792	0	0
37.2335197487163	126.7713291469246	0	0
37.2335163961497	126.7713395945098	0	0
37.23351297097298	126.771349968284	0	0
37.23350946646872	126.771360229166	0	0
37.233505768001	126.7713706550182	0	0
37.23350198873588	126.7713809451953	0	0
37.23349810767484	126.7713911172953	0	0
37.23349411189971	126.7714011917617	0	0
37.23348998904464	126.7714112832321	0	0
37.23348583110969	126.7714211640643	0	0
37.23348149920837	126.7714312204159	0	0
37.23347711005451	126.7714411612376	0	0
37.23347266883297	126.7714509949128	0	0
37.23346816533841	126.771460748462	0	0
37.23346361410235	126.7714703946669	0	0
37.2334589903244	126.7714800533419	0	0
37.23345429314557	126.771489725153	0	0
37.2334495656352	126.7714992770632	0	0
37.23344472899945	126.7715088368262	0	0
37.23343979982748	126.7715183697444	0	0
37.23343483559909	126.7715277307839	0	0
37.23342973724192	126.771537107508	0	0
37.23342451427087	126.7715464784068	0	0
37.23341922845731	126.77155573792	0	0
37.23341383906141	126.7715649454551	0	0
37.23340844707843	126.7715739193814	0	0
37.23340287250679	126.7715829544162	0	0
37.23339729112147	126.7715917397531	0	0
37.2333916014173	126.7716004337058	0	0
37.23338579338821	126.771609087503	0	0
37.23337992750544	126.7716175996523	0	0
37.23337398822688	126.7716259940771	0	0
37.23336793095856	126.7716343946849	0	0
37.2333618649341	126.7716426427034	0	0
37.23335565162297	126.7716509785106	0	0
37.23334950155796	126.7716591297948	0	0
37.23334329951512	126.7716672422384	0	0
37.23333704810047	126.7716753308627	0	0
37.23333068225463	126.7716834769682	0	0
37.23332437268912	126.7716914043512	0	0
37.23331793111817	126.7716993370776	0	0
37.23331142659237	126.7717071702618	0	0
37.23330479576166	126.771714959891	0	0
37.2332981926696	126.7717225346343	0	0
37.23329140138161	126.7717301294714	0	0
37.23328455104673	126.771737598707	0	0
37.23327767399669	126.7717449170327	0	0
37.23327071802996	126.7717521399205	0	0
37.23326374975068	126.7717592036415	0	0
37.23325675670712	126.7717661352635	0	0
37.23324963938058	126.7717730251399	0	0
37.23324251754592	126.7717797449348	0	0
37.23323523095607	126.7717864484035	0	0
37.23322782587898	126.7717930992385	0	0
37.2332204059047	126.7717996148052	0	0
37.23321302431361	126.7718059498696	0	0
37.23320552377706	126.7718122454576	0	0
37.23319805164845	126.7718184089965	0	0
37.23319050892977	126.7718245202144	0	0
37.23318292941375	126.7718305718831	0	0
37.23317537247365	126.7718365243007	0	0
37.23316766162686	126.7718425139145	0	0
37.23315993059571	126.7718484285976	0	0
37.23315221154026	126.7718542180259	0	0
37.23314439341778	126.7718599667936	0	0
37.23313654403218	126.7718656308143	0	0
37.23312864306573	126.7718712557389	0	0
37.23312073118884	126.7718768144347	0	0
37.23311291442773	126.7718822430499	0	0
37.2331049873661	126.7718877202521	0	0
37.23309714416822	126.7718931304573	0	0
37.23308922411041	126.7718986058691	0	0
37.23308138221752	126.7719040365696	0	0
37.2330734701176	126.771909529001	0	0
37.23306561829177	126.7719149887304	0	0
37.23305782150017	126.7719204145993	0	0
37.23304998421914	126.7719258848131	0	0
37.23304210995768	126.7719314006367	0	0
37.23303426742749	126.7719369283133	0	0
37.23302644323597	126.7719424729238	0	0
37.23301871391802	126.7719480415001	0	0
37.2330109045532	126.7719537756242	0	0
37.23300316948692	126.7719596421949	0	0
37.23299557649511	126.7719656059734	0	0
37.23298802948569	126.7719717585902	0	0
37.2329806384101	126.771978026143	0	0
37.23297331230525	126.7719844826906	0	0
37.23296607682863	126.7719911058042	0	0
37.23295895116095	126.7719978927603	0	0
37.23295187959761	126.772004913826	0	0
37.23294489109732	126.7720121750961	0	0
37.23293803020363	126.772019616384	0	0
37.23293135215858	126.7720271862205	0	0
37.23292485189899	126.7720349000697	0	0
37.23291844907012	126.7720428084478	0	0
37.23291216137903	126.772050875531	0	0
37.23290600836516	126.7720590315216	0	0
37.23289996143162	126.7720673649858	0	0
37.23289402982206	126.7720759150443	0	0
37.2328883333325	126.7720845267696	0	0
37.23288280774121	126.772093318714	0	0
37.23287738997444	126.7721023576201	0	0
37.23287211086551	126.7721115696872	0	0
37.23286699060491	126.7721209269639	0	0
37.23286208592481	126.7721303099397	0	0
37.23285727578667	126.7721399078331	0	0
37.23285262929815	126.7721495885959	0	0
37.23284817521203	126.7721592754764	0	0
37.23284387477367	126.7721690539483	0	0
37.23283971200193	126.7721789455008	0	0
37.23283564534221	126.7721890692008	0	0
37.23283171833027	126.7721992937267	0	0
37.23282797195511	126.7722094378627	0	0
37.23282431510205	126.7722197167141	0	0
37.2328207604419	126.7722300712726	0	0
37.23281731143419	126.7722405199419	0	0
37.23281395774373	126.772251076341	0	0
37.2328107236753	126.772261509495	0	0
37.23280753486439	126.7722720549049	0	0
37.23280439093001	126.7722826779166	0	0
37.23280132973758	126.772293259149	0	0
37.23279833487136	126.7723038689227	0	0
37.23279542591823	126.7723145561047	0	0
37.23279261311382	126.7723252879684	0	0
37.23278996092962	126.7723360055428	0	0
37.23278744192918	126.7723468523656	0	0
37.23278513593288	126.7723577274976	0	0
37.23278304266751	126.7723686547834	0	0
37.23278119551603	126.7723797827269	0	0
37.23277958883595	126.7723908795314	0	0
37.23277820380862	126.7724019307188	0	0
37.23277703907902	126.7724130037815	0	0
37.23277604257414	126.7724242156341	0	0
37.23277532261814	126.7724354648619	0	0
37.23277481759843	126.7724467179075	0	0
37.23277452718316	126.7724580396509	0	0
37.23277442801864	126.7724692807532	0	0
37.23277446013653	126.7724805496577	0	0
37.23277461285112	126.7724917371741	0	0
37.23277487229489	126.7725030167911	0	0
37.23277518179487	126.7725142643273	0	0
37.23277559758148	126.772525533719	0	0
37.23277613930311	126.7725366738023	0	0
37.23277687715017	126.7725479885117	0	0
37.23277779718066	126.7725591909162	0	0
37.23277892695853	126.7725703672112	0	0
37.23278021388344	126.7725814416521	0	0
37.23278164875079	126.7725926279155	0	0
37.2327832151871	126.7726037781508	0	0
37.23278490793172	126.7726149026823	0	0
37.23278672357827	126.7726259086962	0	0
37.23278876961606	126.7726369127633	0	0
37.23279103564035	126.7726478250714	0	0
37.23279353606515	126.7726587157433	0	0
37.23279625668762	126.7726695280451	0	0
37.23279912803481	126.7726801571773	0	0
37.23280215083277	126.7726907036933	0	0
37.23280534043245	126.7727012559837	0	0
37.23280867591684	126.7727118084563	0	0
37.2328121174744	126.7727222578212	0	0
37.23281562712345	126.7727326429415	0	0
37.23281920856533	126.7727429958679	0	0
37.23282282452403	126.7727532779547	0	0
37.23282647908198	126.7727635128259	0	0
37.23283018212721	126.7727738478179	0	0
37.23283386710641	126.7727840910701	0	0
37.23283757979399	126.7727943949035	0	0
37.23284125455413	126.7728045851908	0	0
37.23284498304274	126.7728149424254	0	0
37.23284866853721	126.7728251956948	0	0
37.23285236214956	126.7728355014839	0	0
37.23285601760001	126.772845735413	0	0
37.23285965277707	126.7728559686019	0	0
37.23286328527561	126.772866244237	0	0
37.23286692162741	126.7728765982994	0	0
37.23287051407328	126.7728868943324	0	0
37.23287408799929	126.772897181017	0	0
37.23287763270854	126.7729074235993	0	0
37.23288118578903	126.7729177286016	0	0
37.23288472520731	126.7729280347942	0	0
37.23288827643817	126.7729384002824	0	0
37.2328917838897	126.7729486622133	0	0
37.23289532472267	126.7729590393281	0	0
37.23289884092584	126.7729693655512	0	0
37.23290236618332	126.7729797310461	0	0
37.2329059234952	126.7729901965922	0	0
37.23290942387904	126.7730004978607	0	0
37.23291295891882	126.773010890951	0	0
37.23291646648808	126.7730211954243	0	0
37.23292004262628	126.7730316864042	0	0
37.23292361595575	126.773042154285	0	0
37.23292713464872	126.7730524473659	0	0
37.23293068503889	126.7730628160506	0	0
37.23293422977866	126.7730731555383	0	0
37.23293777318927	126.7730834814806	0	0
37.23294134989985	126.7730938951163	0	0
37.23294491808026	126.7731042864991	0	0
37.23294848565208	126.773114678523	0	0
37.23295205323581	126.7731250667952	0	0
37.23295561782794	126.773135441329	0	0
37.23295914560871	126.7731457034136	0	0
37.23296274673733	126.7731561703075	0	0
37.23296631969909	126.7731665518448	0	0
37.23296987294913	126.7731768814036	0	0
37.23297346275926	126.7731873189913	0	0
37.23297705576218	126.7731977633449	0	0
37.23298063628723	126.7732081678213	0	0
37.23298421539832	126.7732185558229	0	0
37.23298780086741	126.7732289523024	0	0
37.23299139338916	126.7732393640269	0	0
37.23299495457557	126.7732496794807	0	0
37.23299851013618	126.7732599767471	0	0
37.23300208720351	126.7732703320432	0	0
37.23300566913026	126.773280674518	0	0
37.23300922434465	126.7732909184342	0	0
37.23301278285168	126.773301166178	0	0
37.23301637066258	126.7733114971126	0	0
37.23301992320039	126.7733217790342	0	0
37.23302346691094	126.773332067893	0	0
37.23302704563196	126.7733424228198	0	0
37.23303062290574	126.7733527250461	0	0
37.23303427380559	126.7733630590835	0	0
37.23303799570211	126.7733734089084	0	0
37.23304177706164	126.7733836614777	0	0
37.23304560065459	126.77339377129	0	0
37.23304953962285	126.7734038770799	0	0
37.23305357253395	126.7734139291612	0	0
37.23305771458454	126.7734239721216	0	0
37.23306197068752	126.7734339975703	0	0
37.23306628414473	126.7734438790084	0	0
37.23307068287562	126.7734536767727	0	0
37.23307521989278	126.7734634623212	0	0
37.23307985997013	126.7734731560468	0	0
37.23308454454338	126.7734826626145	0	0
37.2330894116774	126.7734922695176	0	0
37.23309426863711	126.7735016294652	0	0
37.2330992736312	126.7735110267794	0	0
37.23310434532303	126.7735202873359	0	0
37.23310954683374	126.7735295040578	0	0
37.23311484924516	126.7735385803261	0	0
37.23312028862223	126.7735475957912	0	0
37.23312585383168	126.7735564934841	0	0
37.23313156316034	126.7735652394467	0	0
37.23313737527575	126.7735737509561	0	0
37.23314333773012	126.7735821396162	0	0
37.23314948461287	126.77359038479	0	0
37.23315582842861	126.7735985088928	0	0
37.23316228459437	126.7736064320649	0	0
37.23316890266996	126.773614231182	0	0
37.23317557434122	126.7736218085631	0	0
37.23318238879926	126.7736292683843	0	0
37.23318924600141	126.773636520608	0	0
37.23319622449217	126.7736436586606	0	0
37.23320324353261	126.773650625828	0	0
37.23321038564831	126.7736575101526	0	0
37.23321754008059	126.7736642120948	0	0
37.23322475243973	126.7736707779295	0	0
37.23323206752163	126.773677258139	0	0
37.23323953499243	126.7736836925247	0	0
37.23324709196655	126.7736900322905	0	0
37.23325461089863	126.7736961533468	0	0
37.23326216907563	126.773702091333	0	0
37.233269917165	126.7737079801592	0	0
37.23327771105222	126.7737137057818	0	0
37.23328556046724	126.7737192708293	0	0
37.23329340222188	126.7737246443766	0	0
37.23330134286006	126.7737298892225	0	0
37.23330939497591	126.7737349823857	0	0
37.23331750815991	126.773739909407	0	0
37.23332571730195	126.7737446747686	0	0
37.23333393454524	126.7737492205327	0	0
37.23334226254688	126.7737535942374	0	0
37.23335058381944	126.7737577525468	0	0
37.23335906676979	126.7737617829543	0	0
37.23336751628724	126.773765581364	0	0
37.23337610407168	126.7737692402672	0	0
37.233384761765	126.7737726972905	0	0
37.23339345685679	126.7737759240246	0	0
37.23340220538193	126.7737789556324	0	0
37.23341096483214	126.7737817604355	0	0
37.23341979334318	126.7737844003456	0	0
37.23342852771703	126.77378686305	0	0
37.23343741136767	126.7737892108066	0	0
37.23344622150542	126.7737914219673	0	0
37.23345506286873	126.7737935268144	0	0
37.23346392443362	126.7737954897533	0	0
37.23347280891	126.7737973259951	0	0
37.23348169361741	126.7737989904634	0	0
37.23349061059458	126.773800499052	0	0
37.23349948202058	126.7738018225012	0	0
37.23350839228289	126.7738029916402	0	0
37.23351738835114	126.7738039453388	0	0
37.23352644082308	126.7738047395681	0	0
37.23353539659351	126.7738053222712	0	0
37.23354432022182	126.7738057610608	0	0
37.23355335097843	126.7738059074141	0	0
37.23356243977652	126.7738059209463	0	0
37.23357142659852	126.7738057613654	0	0
37.23358036414229	126.7738053220315	0	0
37.23358938876793	126.7738047256915	0	0
37.23359842830182	126.7738038851824	0	0
37.23360733698333	126.773802907606	0	0
37.2336162548717	126.7738017472068	0	0
37.23362529669532	126.7738004076511	0	0
37.233634169505	126.7737989437265	0	0
37.23364313665803	126.7737972721104	0	0
37.23365199670663	126.7737954257021	0	0
37.23366084910896	126.7737933617314	0	0
37.2336696610213	126.7737911142419	0	0
37.23367849985507	126.7737886579711	0	0
37.23368734428166	126.7737860303664	0	0
37.23369612178462	126.7737832158365	0	0
37.23370483655459	126.7737801845088	0	0
37.23371354604416	126.7737769091995	0	0
37.23372208928419	126.7737734864258	0	0
37.233730697065	126.7737697940583	0	0
37.23373917723406	126.7737659834186	0	0
37.23374760670841	126.7737620081155	0	0
37.23375608116563	126.7737578722271	0	0
37.23376441449901	126.7737536811118	0	0
37.23377279360689	126.7737493386636	0	0
37.23378104031741	126.7737449494944	0	0
37.23378924191795	126.7737404112526	0	0
37.23379735107294	126.773735724887	0	0
37.23380549231198	126.7737307937415	0	0
37.2338135578542	126.7737256365757	0	0
37.23382157792059	126.7737202549913	0	0
37.23382950554898	126.7737146855747	0	0
37.23383726040949	126.7737089907008	0	0
37.23384492160842	126.773703157221	0	0
37.23385246494612	126.7736971970498	0	0
37.23385996671902	126.773691074744	0	0
37.23386745045177	126.773684758633	0	0
37.2338747910654	126.7736783715626	0	0
37.23388212097428	126.773671791355	0	0
37.23388941710422	126.7736649952532	0	0
37.23389653247231	126.7736581199217	0	0
37.23390360728054	126.7736510506818	0	0
37.23391048393292	126.773643937769	0	0
37.23391733583114	126.7736366823084	0	0
37.23392418708048	126.7736292659568	0	0
37.23393093932565	126.7736217551929	0	0
37.233937581536	126.7736141669277	0	0
37.23394412125259	126.7736064347314	0	0
37.23395056024177	126.7735985426511	0	0
37.23395689625648	126.773590480172	0	0
37.23396313277274	126.7735822337723	0	0
37.23396926033664	126.7735738096992	0	0
37.2339751740703	126.7735653531721	0	0
37.23398093592319	126.7735567920189	0	0
37.23398661939725	126.7735480046686	0	0
37.23399212825683	126.7735391695661	0	0
37.23399751598259	126.7735302379319	0	0
37.2340028447524	126.7735210844131	0	0
37.23400807882115	126.7735117668969	0	0
37.23401314454298	126.7735024464651	0	0
37.23401805550846	126.7734931116958	0	0
37.23402289363123	126.7734835889992	0	0
37.23402762162792	126.7734739261189	0	0
37.23403218668781	126.7734642530379	0	0
37.23403661268908	126.7734545024841	0	0
37.23404095017698	126.7734445608713	0	0
37.23404517644302	126.7734345015193	0	0
37.23404925049013	126.773424459565	0	0
37.23405319036781	126.7734144223547	0	0
37.23405704539547	126.7734042335816	0	0
37.2340608232206	126.7733938595663	0	0
37.23406448334104	126.7733834510889	0	0
37.23406798351632	126.7733730993229	0	0
37.23407134596538	126.7733627499663	0	0
37.23407461131718	126.7733522502929	0	0
37.23407776526422	126.7733416798312	0	0
37.23408078993451	126.7733310686098	0	0
37.23408369945269	126.7733203643251	0	0
37.23408644965566	126.7733096471272	0	0
37.23408905393853	126.7732989346419	0	0
37.23409152912384	126.7732880997971	0	0
37.23409387264243	126.7732771904267	0	0
37.23409609169764	126.7732661746192	0	0
37.23409814142946	126.7732552276886	0	0
37.2341000354583	126.773244323697	0	0
37.23410181334142	126.7732332048435	0	0
37.23410342025073	126.7732221176696	0	0
37.23410488020065	126.7732110120136	0	0
37.23410619674589	126.7731998785093	0	0
37.23410733491352	126.7731886278849	0	0
37.23410831642125	126.7731773090036	0	0
37.23410909251822	126.7731661565875	0	0
37.23410973898537	126.7731548616873	0	0
37.23411021636522	126.7731436624753	0	0
37.23411057188959	126.773132455285	0	0
37.23411079692136	126.7731212365647	0	0
37.23411093869606	126.7731100647602	0	0
37.23411092700078	126.7730988688411	0	0
37.23411084434049	126.7730876554672	0	0
37.23411068117259	126.7730763306757	0	0
37.23411042672534	126.7730650164233	0	0
37.23411013799419	126.7730537028551	0	0
37.23410980826684	126.7730423359147	0	0
37.2341094622994	126.7730311836302	0	0
37.23410911668041	126.7730197984177	0	0
37.23410877446318	126.773008537702	0	0
37.2341084400005	126.772997176065	0	0
37.23410811672542	126.7729859091484	0	0
37.23410780343931	126.7729746951695	0	0
37.23410749974512	126.7729635400615	0	0
37.23410719603923	126.7729523074879	0	0
37.23410689125465	126.7729410370891	0	0
37.2341065898475	126.7729297820783	0	0
37.23410629059551	126.7729184596091	0	0
37.2341059961595	126.7729071538943	0	0
37.23410570666979	126.7728957518358	0	0
37.23410542284936	126.7728843402673	0	0
37.23410514578335	126.7728730303931	0	0
37.23410487077566	126.7728616337518	0	0
37.23410460406831	126.7728504759256	0	0
37.23410433688184	126.7728392121201	0	0
37.23410406940796	126.7728278805193	0	0
37.23410380524623	126.7728167273417	0	0
37.23410353865946	126.7728054903536	0	0
37.2341032721052	126.7727942756144	0	0
37.23410300010292	126.7727828643666	0	0
37.23410273367518	126.7727716909653	0	0
37.23410246519763	126.7727604168705	0	0
37.2341021953359	126.7727490721886	0	0
37.23410192462782	126.7727376714591	0	0
37.23410165837217	126.7727264926204	0	0
37.2341013957969	126.7727152346842	0	0
37.23410113836109	126.7727038584527	0	0
37.23410089081994	126.7726926888911	0	0
37.23410064957673	126.7726815317179	0	0
37.2341004072934	126.7726701013994	0	0
37.23410017345286	126.7726589267596	0	0
37.2340999411134	126.77264770635	0	0
37.23409971017622	126.772636465199	0	0
37.2340994801033	126.7726252596066	0	0
37.23409924573959	126.7726138324991	0	0
37.23409901593098	126.772602597775	0	0
37.23409878809579	126.7725914240303	0	0
37.23409855886604	126.7725801544908	0	0
37.23409832700546	126.7725687380608	0	0
37.23409809831887	126.7725574557796	0	0
37.23409787171691	126.7725462717192	0	0
37.23409764417416	126.7725350085011	0	0
37.23409741797543	126.7725238236525	0	0
37.23409718489556	126.7725125105795	0	0
37.23409694855191	126.7725013145159	0	0
37.23409670215864	126.7724899726723	0	0
37.23409644404118	126.7724786460339	0	0
37.23409616783066	126.7724672638491	0	0
37.23409588700573	126.7724560863595	0	0
37.23409558797081	126.772444754099	0	0
37.23409528079107	126.7724335311225	0	0
37.23409497478243	126.7724222671802	0	0
37.23409466985745	126.7724110320941	0	0
37.23409435795823	126.7723997320259	0	0
37.23409403622714	126.7723884266923	0	0
37.23409370632866	126.7723770979279	0	0
37.23409337757399	126.7723658878968	0	0
37.23409304255078	126.7723545895477	0	0
37.23409270707102	126.7723432987323	0	0
37.23409237804471	126.7723321012216	0	0
37.23409204694345	126.7723207621379	0	0
37.23409171779503	126.7723093514619	0	0
37.23409140016042	126.7722981898407	0	0
37.2340910847845	126.7722869694992	0	0
37.23409077376155	126.7722757157115	0	0
37.23409046536772	126.7722644110934	0	0
37.23409016216963	126.7722530912729	0	0
37.23408986772519	126.7722417983842	0	0
37.23408957942342	126.772230502148	0	0
37.23408929945929	126.7722192906727	0	0
37.23408902385165	126.7722080148598	0	0
37.23408875002982	126.7721965987511	0	0
37.23408848322864	126.7721852101092	0	0
37.2340882261477	126.7721739649285	0	0
37.23408796953913	126.7721625742589	0	0
37.23408771931182	126.7721514085062	0	0
37.23408747028148	126.7721401851959	0	0
37.2340872219907	126.7721290028658	0	0
37.23408696746376	126.7721176944232	0	0
37.23408670849442	126.7721063068428	0	0
37.23408644699952	126.7720949098618	0	0
37.23408618204846	126.7720834935591	0	0
37.23408591447877	126.7720720785082	0	0
37.23408565082528	126.7720608371529	0	0
37.23408538549602	126.7720495153935	0	0
37.2340851234143	126.7720383428164	0	0
37.23408485667543	126.7720269701427	0	0
37.23408459226483	126.772015688546	0	0
37.23408432425915	126.7720042986884	0	0
37.23408405374358	126.7719928829129	0	0
37.23408378628189	126.7719816552413	0	0
37.23408351294665	126.7719702363437	0	0
37.23408324011604	126.7719589066409	0	0
37.23408297132671	126.7719477287522	0	0
37.23408270175945	126.7719364684389	0	0
37.23408243009919	126.7719250980496	0	0
37.23408216023207	126.7719138000915	0	0
37.23408189406352	126.7719026399129	0	0
37.23408162903598	126.7718914440454	0	0
37.23408136577512	126.7718802420736	0	0
37.23408109927622	126.7718688905666	0	0
37.23408083408695	126.771857592756	0	0
37.23408057084197	126.7718463365025	0	0
37.23408030840764	126.7718350610856	0	0
37.23408004839229	126.7718238949417	0	0
37.23407978425747	126.7718125752868	0	0
37.23407952006487	126.7718012442025	0	0
37.23407925752041	126.7717899691414	0	0
37.23407899313266	126.7717786208215	0	0
37.23407872906891	126.7717672924387	0	0
37.23407846750574	126.7717560375932	0	0
37.23407820770807	126.7717447897593	0	0
37.23407795419981	126.7717335979176	0	0
37.23407770188269	126.7717223532615	0	0
37.23407745173147	126.7717111672936	0	0
37.23407720283696	126.771699897157	0	0
37.23407695709647	126.7716886256164	0	0
37.2340767152206	126.7716774441385	0	0
37.23407648235737	126.7716662431169	0	0
37.23407625723677	126.7716549633821	0	0
37.23407606042269	126.7716437899354	0	0
37.23407588147794	126.7716325118693	0	0
37.23407572674429	126.7716212002222	0	0
37.2340755824536	126.7716099236474	0	0
37.23407545789401	126.7715986227473	0	0
37.23407536337851	126.7715873541035	0	0
37.23407532257043	126.7715760342656	0	0
37.2340753411619	126.7715648754938	0	0
37.23407544870901	126.7715536932147	0	0
37.23407568186964	126.7715423993915	0	0
37.23407606995684	126.7715312030677	0	0
37.23407664998413	126.7715200133769	0	0
37.23407743174818	126.7715087556931	0	0
37.23407842128656	126.7714975426613	0	0
37.23407961123651	126.7714864571327	0	0
37.23408105670684	126.7714754254121	0	0
37.23408279674732	126.7714643255165	0	0
37.23408478038731	126.7714532984375	0	0
37.23408699431408	126.7714423482419	0	0
37.23408944672925	126.7714315708012	0	0
37.23409217781239	126.7714208398019	0	0
37.23409516502619	126.7714102659185	0	0
37.23409844297057	126.7713997540533	0	0
37.23410203412934	126.77138939273	0	0
37.23410591291682	126.7713792353535	0	0
37.23411006061291	126.7713692771822	0	0
37.2341145214517	126.7713594528489	0	0
37.23411922324068	126.7713499149696	0	0
37.23412417553732	126.7713405968382	0	0
37.23412940394862	126.7713315316057	0	0
37.23413495499853	126.7713226255096	0	0
37.23414074985079	126.7713140588139	0	0
37.23414681943456	126.7713058276641	0	0
37.2341531483678	126.771297931199	0	0
37.23415976578309	126.7712903417235	0	0
37.23416668695069	126.771283073849	0	0
37.23417376100003	126.7712762233951	0	0
37.23418111969382	126.7712697061188	0	0
37.23418869342682	126.7712635605901	0	0
37.23419642505035	126.7712578013838	0	0
37.23420428091599	126.7712524321194	0	0
37.23421225600479	126.7712474312855	0	0
37.23422038860132	126.7712427607885	0	0
37.23422872572735	126.7712384237212	0	0
37.23423711564607	126.7712344983846	0	0
37.23424562892094	126.7712309348409	0	0
37.23425420368995	126.7712277532288	0	0
37.23426291084048	126.7712249540602	0	0
37.23427165518649	126.7712225713962	0	0
37.2342805239292	126.7712205431238	0	0
37.23428945157836	126.7712188896758	0	0
37.23429841475281	126.7712175778054	0	0
37.23430730573889	126.7712166306674	0	0
37.23431625521415	126.7712159727689	0	0
37.23432520956759	126.7712157643137	0	0
37.23433418256933	126.7712157616268	0	0
37.23434310813395	126.7712162584729	0	0
37.23435205125762	126.7712171244268	0	0
37.23436091422308	126.7712183962252	0	0
37.23436973700417	126.771220081964	0	0
37.23437861354675	126.7712221253209	0	0
37.23438733372551	126.7712244948071	0	0
37.23439602400929	126.771227219797	0	0
37.23440473397218	126.7712302917097	0	0
37.23441326475589	126.7712336688985	0	0
37.23442174286883	126.7712374340423	0	0
37.23443011407775	126.7712415763888	0	0
37.23443839471873	126.7712461057867	0	0
37.23444645101745	126.771250967907	0	0
37.23445445434795	126.771256218722	0	0
37.23446225776482	126.771261755093	0	0
37.23446995092745	126.7712676487461	0	0
37.23447750032733	126.7712738737769	0	0
37.23448488388289	126.7712803278931	0	0
37.23449207350696	126.7712869325369	0	0
37.23449921497719	126.77129375736	0	0
37.23450628152884	126.7713008313808	0	0
37.23451316578102	126.7713080456699	0	0
37.23451993888601	126.7713154663766	0	0
37.23452651591387	126.7713230213886	0	0
37.23453302292442	126.7713308753511	0	0
37.23453936209962	126.771338897456	0	0
37.23454554500173	126.771347132926	0	0
37.23455150413027	126.7713554952391	0	0
37.23455730802436	126.7713640660626	0	0
37.23456301394366	126.7713728384438	0	0
37.23456857179001	126.7713816582941	0	0
37.23457406014541	126.7713905754549	0	0
37.23457945558285	126.771399557493	0	0
37.23458476076928	126.7714086135904	0	0
37.2345900177672	126.7714177783775	0	0
37.2345951668418	126.7714269280084	0	0
37.2346002543232	126.7714361047238	0	0
37.23460530787067	126.7714453404333	0	0
37.23461037729552	126.7714547014799	0	0
37.23461535455363	126.7714639931213	0	0
37.23462035579827	126.7714734261684	0	0
37.23462528707034	126.771482764578	0	0
37.23463019205072	126.7714921371038	0	0
37.23463504158698	126.7715015532382	0	0
37.2346398928053	126.7715111498038	0	0
37.23464462661637	126.7715207294254	0	0
37.23464925219509	126.7715303225635	0	0
37.23465380296582	126.7715399892716	0	0
37.23465825181109	126.771549691691	0	0
37.23466259702779	126.7715594394951	0	0
37.23466684145316	126.7715692645491	0	0
37.23467102414246	126.7715792607812	0	0
37.23467508277884	126.7715893453668	0	0
37.23467902521783	126.7715995269226	0	0
37.23468282648426	126.7716097474714	0	0
37.23468647125382	126.7716199443901	0	0
37.23469003262793	126.7716303288278	0	0
37.2346934820788	126.7716407829139	0	0
37.23469683499883	126.7716513262627	0	0
37.23470008006197	126.7716619132397	0	0
37.23470323527195	126.7716725682367	0	0
37.23470624216243	126.7716831126463	0	0
37.23470915441658	126.7716937164321	0	0
37.23471196477195	126.7717043471733	0	0
37.23471469994179	126.771715163843	0	0
37.23471729055781	126.7717258623481	0	0
37.23471979948135	126.7717366371367	0	0
37.23472223735033	126.771747491714	0	0
37.234724591823	126.7717583976158	0	0
37.23472684089717	126.771769260005	0	0
37.23472899117749	126.7717801229908	0	0
37.2347310536621	126.7717909891194	0	0
37.23473304411667	126.7718019093141	0	0
37.23473497241393	126.7718129279003	0	0
37.23473678953101	126.7718238996507	0	0
37.23473854607214	126.7718350724685	0	0
37.23474018175646	126.7718461906635	0	0
37.23474171728144	126.7718573205322	0	0
37.23474312796527	126.7718683732877	0	0
37.23474444844202	126.7718794059937	0	0
37.23474567327497	126.7718906616472	0	0
37.23474676736056	126.7719018412918	0	0
37.2347477174148	126.7719131308406	0	0
37.23474853378039	126.771924418436	0	0
37.23474921922859	126.7719355789122	0	0
37.23474971756703	126.7719467811648	0	0
37.23475012676275	126.7719580660538	0	0
37.23475034604315	126.7719693389876	0	0
37.23475045944992	126.7719806971697	0	0
37.23475051987844	126.7719920485712	0	0
37.23475043753019	126.7720034055923	0	0
37.23475023316126	126.7720147234341	0	0
37.23474992419586	126.7720260411	0	0
37.23474950640181	126.7720373447497	0	0
37.23474901197234	126.7720486069059	0	0
37.23474840071702	126.7720599382125	0	0
37.23474772669364	126.7720711300722	0	0
37.23474696099005	126.7720824673549	0	0
37.2347461338285	126.7720935900815	0	0
37.23474519941384	126.7721048610477	0	0
37.23474417061424	126.772116079322	0	0
37.23474305455062	126.7721273069114	0	0
37.23474183889262	126.7721384961311	0	0
37.23474050130896	126.7721497364814	0	0
37.23473904255219	126.772160940484	0	0
37.23473748107015	126.7721719622179	0	0
37.23473577191434	126.7721829790368	0	0
37.23473391988181	126.7721940410177	0	0
37.23473192325702	126.7722050941417	0	0
37.23472979805848	126.7722160920464	0	0
37.2347275182609	126.7722271433162	0	0
37.23472514795332	126.7722380414168	0	0
37.23472270522544	126.7722487709891	0	0
37.23472014189198	126.7722595046394	0	0
37.2347175043443	126.7722701755799	0	0
37.23471473436827	126.7722810080061	0	0
37.23471190903178	126.7722917144076	0	0
37.23470901846758	126.7723023135366	0	0
37.23470601794732	126.772313024581	0	0
37.23470293717105	126.772323747904	0	0
37.23469986191386	126.7723342570918	0	0
37.23469669826825	126.7723448494642	0	0
37.23469350211293	126.7723554599377	0	0
37.234690320608	126.7723659307141	0	0
37.23468712061041	126.7723765063114	0	0
37.23468394797457	126.7723870493404	0	0
37.23468083158752	126.7723975238114	0	0
37.23467769827501	126.7724081897481	0	0
37.23467464761859	126.7724187324014	0	0
37.23467162861282	126.7724293067762	0	0
37.23466867782271	126.7724398854318	0	0
37.23466576307491	126.7724506703675	0	0
37.23466293706628	126.7724614792736	0	0
37.23466023258992	126.7724722051893	0	0
37.23465761734384	126.7724829258212	0	0
37.23465508834479	126.7724937012619	0	0
37.23465264465463	126.7725045152386	0	0
37.23465030997691	126.7725153755713	0	0
37.23464807749411	126.7725262781938	0	0
37.23464594595675	126.7725373248068	0	0
37.23464392259552	126.7725484029183	0	0
37.23464206524242	126.7725594202673	0	0
37.23464036156106	126.7725703923001	0	0
37.23463880862231	126.7725814672898	0	0
37.234637420305	126.7725926429062	0	0
37.23463620104946	126.7726037874982	0	0
37.23463517281743	126.7726149747319	0	0
37.23463430798378	126.7726261722848	0	0
37.23463362225673	126.7726375219997	0	0
37.23463308001227	126.7726488747974	0	0
37.23463272689628	126.7726600451284	0	0
37.23463248525452	126.7726712949369	0	0
37.23463244155327	126.7726826715332	0	0
37.23463248867915	126.7726939639633	0	0
37.23463266234104	126.7727052667821	0	0
37.23463297210218	126.7727165596831	0	0
37.23463334760496	126.7727278518584	0	0
37.23463385255224	126.7727392124378	0	0
37.23463446410451	126.7727504090637	0	0
37.23463517288504	126.7727615579235	0	0
37.23463601488044	126.7727726811679	0	0
37.23463701114512	126.772783927716	0	0
37.23463816730248	126.772795140868	0	0
37.23463944897443	126.7728061819861	0	0
37.2346409246222	126.7728173587085	0	0
37.23464253135772	126.7728285056222	0	0
37.23464430514721	126.7728396484982	0	0
37.23464621308369	126.7728507437147	0	0
37.23464827431206	126.7728617912111	0	0
37.23465044978722	126.7728727246339	0	0
37.23465277174056	126.7728836283333	0	0
37.23465525615643	126.7728945719011	0	0
37.23465785328855	126.7729052913987	0	0
37.23466061301927	126.772916075016	0	0
37.23466347565794	126.7729266426034	0	0
37.23466647691224	126.7729371746832	0	0
37.23466960810646	126.7729476697178	0	0
37.23467289427673	126.7729581743522	0	0
37.23467631086213	126.7729685738842	0	0
37.2346798763103	126.7729789356653	0	0
37.23468353364341	126.772989132439	0	0
37.234687339691	126.7729993249491	0	0
37.23469125242811	126.773009505651	0	0
37.23469529254662	126.7730196985383	0	0
37.23469937966503	126.7730297956444	0	0
37.23470352359207	126.7730398136276	0	0
37.23470768693318	126.7730497424976	0	0
37.23471192888059	126.773059722933	0	0
37.23471621263845	126.7730697132495	0	0
37.23472045633387	126.7730795401362	0	0
37.23472476116058	126.7730894616243	0	0
37.23472909330763	126.773099417847	0	0
37.23473336166955	126.7731092182791	0	0
37.2347376506951	126.7731191198618	0	0
37.23474191003319	126.7731289996633	0	0
37.23474620053743	126.7731390563516	0	0
37.23475042821342	126.7731490597263	0	0
37.23475454033412	126.7731589803837	0	0
37.23475865399885	126.7731690953353	0	0
37.23476264759627	126.7731791670321	0	0
37.23476659325932	126.7731893947255	0	0
37.23477043609714	126.7731996898047	0	0
37.23477414158405	126.7732100065223	0	0
37.23477770763145	126.7732203097923	0	0
37.23478114785555	126.7732307022672	0	0
37.23478449362379	126.7732412534598	0	0
37.23478771277804	126.7732518301003	0	0
37.23479083319973	126.7732624940031	0	0
37.23479380628985	126.7732730683617	0	0
37.23479669483883	126.773283745434	0	0
37.23479948165159	126.7732945118278	0	0
37.23480215617558	126.7733053364381	0	0
37.23480471275747	126.7733161530987	0	0
37.2348071772104	126.773327096087	0	0
37.23480951786964	126.7733379784253	0	0
37.23481175033734	126.7733489340081	0	0
37.23481386321769	126.7733598171137	0	0
37.23481583766014	126.7733707305722	0	0
37.23481771304478	126.7733818602605	0	0
37.23481943144333	126.7733928572946	0	0
37.23482098839084	126.773403847307	0	0
37.23482243897443	126.7734150360109	0	0
37.23482373331159	126.7734261176506	0	0
37.23482492775354	126.7734373087146	0	0
37.23482599087475	126.7734486174178	0	0
37.23482693103759	126.7734598213743	0	0
37.23482775640682	126.7734710837198	0	0
37.23482847540077	126.7734823633861	0	0
37.23482910211722	126.7734936530767	0	0
37.23482962436296	126.7735048856216	0	0
37.23483008514913	126.7735160756841	0	0
37.23483037591619	126.7735272435886	0	0
37.23483061120373	126.7735386187158	0	0
37.23483082691283	126.7735498001189	0	0
37.23483090329394	126.7735610970578	0	0
37.23483085469342	126.7735724675084	0	0
37.23483074889533	126.7735836518047	0	0
37.23483051894391	126.7735948902963	0	0
37.23483020263856	126.77360605135	0	0
37.23482974011773	126.7736173851513	0	0
37.23482916640448	126.7736287478178	0	0
37.23482847618681	126.773639911877	0	0
37.23482765796021	126.7736511221292	0	0
37.23482671571611	126.7736624704633	0	0
37.23482565839635	126.7736735971028	0	0
37.23482448104127	126.7736847959478	0	0
37.23482316840665	126.7736959655858	0	0
37.23482174091625	126.7737070310656	0	0
37.23482016083251	126.7737181757676	0	0
37.23481846943384	126.7737292021622	0	0
37.23481664028157	126.7737403333363	0	0
37.23481470923905	126.7737512843558	0	0
37.23481266674374	126.7737621920222	0	0
37.23481048959153	126.7737731016145	0	0
37.23480818257729	126.773784029743	0	0
37.23480573382498	126.7737949876376	0	0
37.23480315410711	126.7738058911467	0	0
37.23480045340786	126.7738166997648	0	0
37.23479763912769	126.7738273969998	0	0
37.23479470707174	126.7738380949591	0	0
37.23479164008004	126.7738488022219	0	0
37.23478846366057	126.7738594809503	0	0
37.23478524554522	126.7738699040466	0	0
37.23478190326124	126.7738803702218	0	0
37.23477849204874	126.7738907432954	0	0
37.23477494458781	126.7739012046505	0	0
37.23477130296899	126.7739116424548	0	0
37.23476764130999	126.7739218431821	0	0
37.23476382538068	126.7739321638954	0	0
37.23475995558105	126.7739423061238	0	0
37.23475594862747	126.7739524982641	0	0
37.23475187157658	126.7739625737371	0	0
37.23474770603623	126.7739725678492	0	0
37.2347434791688	126.773982443311	0	0
37.23473917415259	126.7739922428786	0	0
37.23473476653503	126.7740020131478	0	0
37.23473019773569	126.7740118807809	0	0
37.23472561435432	126.7740214987484	0	0
37.23472082942742	126.7740312200729	0	0
37.2347159762129	126.7740407740653	0	0
37.23471101636095	126.774050226645	0	0
37.23470590130807	126.7740596476271	0	0
37.23470067866653	126.7740689889254	0	0
37.23469546959504	126.7740780580964	0	0
37.23469013146356	126.7740870833002	0	0
37.23468472183379	126.7740959870064	0	0
37.23467910977116	126.7741049728362	0	0
37.23467338218518	126.774113865802	0	0
37.23466755345171	126.774122628983	0	0
37.23466173351118	126.7741311430443	0	0
37.2346557703594	126.7741396261572	0	0
37.23464968032058	126.7741480312171	0	0
37.23464354010238	126.7741562628697	0	0
37.23463730575621	126.7741643895241	0	0
37.23463103767432	126.7741723633761	0	0
37.23462457208733	126.7741803640396	0	0
37.23461808387233	126.7741881916753	0	0
37.23461149279904	126.7741959864502	0	0
37.23460488147649	126.774203639772	0	0
37.23459811535018	126.7742113197312	0	0
37.23459131227846	126.7742188946569	0	0
37.23458451021079	126.7742263541396	0	0
37.2345776107606	126.7742338051781	0	0
37.23457075269059	126.7742410960548	0	0
37.23456376903379	126.7742484124092	0	0
37.23455685667565	126.7742555512245	0	0
37.23454988808317	126.7742626457716	0	0
37.23454286662789	126.7742696942052	0	0
37.23453570875326	126.7742767823058	0	0
37.23452856247759	126.774283780713	0	0
37.23452146893681	126.7742906429782	0	0
37.2345142469056	126.7742975727799	0	0
37.23450696431726	126.7743045195363	0	0
37.23449971950878	126.7743113887588	0	0
37.23449244836986	126.7743182628027	0	0
37.23448530768231	126.7743249918	0	0
37.23447805655711	126.7743318086002	0	0
37.23447077925235	126.7743386361816	0	0
37.23446348547795	126.7743454699819	0	0
37.23445628663638	126.7743522121865	0	0
37.23444914470348	126.77435889684	0	0
37.23444190851217	126.7743656676572	0	0
37.23443472170266	126.7743723925988	0	0
37.2344274649076	126.7743791828581	0	0
37.23442031673903	126.7743858744924	0	0
37.23441315928568	126.7743925774794	0	0
37.23440598190275	126.7743993048083	0	0
37.23439873493135	126.7744061031213	0	0
37.2343915264104	126.7744128710542	0	0
37.23438432502014	126.7744196384468	0	0
37.23437714601268	126.7744263891532	0	0
37.23436993073998	126.7744331775593	0	0
37.23436276387184	126.774439925323	0	0
37.23435563848563	126.7744466390568	0	0
37.23434841021861	126.7744534538063	0	0
37.23434116627237	126.7744602883114	0	0
37.23433403799001	126.7744670144494	0	0
37.23432683715783	126.7744738086705	0	0
37.23431971457222	126.7744805294602	0	0
37.2343125824295	126.7744872596669	0	0
37.23430535267217	126.7744940801283	0	0
37.23429818218291	126.7745008417425	0	0
37.23429100557166	126.7745076049089	0	0
37.23428382453737	126.7745143623782	0	0
37.23427665974297	126.774521091328	0	0
37.23426942586786	126.7745278758991	0	0
37.23426228270533	126.7745345642885	0	0
37.23425504224867	126.7745413282907	0	0
37.23424786036286	126.7745480319403	0	0
37.23424068594647	126.7745547259544	0	0
37.23423350014691	126.7745614290823	0	0
37.23422631407114	126.7745681266137	0	0
37.23421910562737	126.7745748309489	0	0
37.23421191039101	126.7745814960144	0	0
37.23420466578419	126.7745881736468	0	0
37.2341973650918	126.7745948892951	0	0
37.23419015987461	126.7746015107567	0	0
37.23418287526761	126.7746082104957	0	0
37.23417565170566	126.7746148703517	0	0
37.23416842801375	126.774621548573	0	0
37.23416121432399	126.7746282515071	0	0
37.23415400982038	126.7746348548607	0	0
37.23414662556556	126.7746414219842	0	0
37.23413906509258	126.7746476651122	0	0
37.23413139066385	126.7746534929051	0	0
37.23412349665055	126.7746589302682	0	0
37.23411542964939	126.7746639798162	0	0
37.23410728745678	126.7746686037633	0	0
37.23409903040101	126.7746729559281	0	0
37.23409072295176	126.7746770268697	0	0
37.23408233231048	126.7746808627598	0	0
37.23407379459699	126.7746845391788	0	0
37.23406529624687	126.7746880020202	0	0
37.23405666285065	126.7746913220998	0	0
37.2340480334598	126.7746944578628	0	0
37.23403929187937	126.7746974678924	0	0
37.23403054323659	126.7747003544389	0	0
37.23402186870327	126.7747031094908	0	0
37.23401315211934	126.7747058881256	0	0
37.23400437574433	126.7747086894113	0	0
37.23399567851308	126.7747114741782	0	0
37.2339869391093	126.774714259889	0	0
37.23397818131097	126.7747170335698	0	0
37.23396936932399	126.7747197183937	0	0
37.23396067218875	126.774722256982	0	0
37.23395194075955	126.7747246608892	0	0
37.23394317372824	126.774726943435	0	0
37.23393438446276	126.7747291126229	0	0
37.23392551321856	126.7747311676501	0	0
37.23391671668867	126.7747330543613	0	0
37.2339077520536	126.7747348345556	0	0
37.23389884926319	126.7747364835284	0	0
37.23388999284888	126.7747379583922	0	0
37.23388099237737	126.7747393040347	0	0
37.23387207109632	126.7747404729124	0	0
37.23386305932336	126.774741521483	0	0
37.23385404723444	126.7747424081663	0	0
37.23384505229387	126.7747431822536	0	0
37.23383607889755	126.7747437273632	0	0
37.2338271249217	126.7747441648629	0	0
37.23381814560789	126.7747444362039	0	0
37.23380913066919	126.7747445340379	0	0
37.23380015415106	126.7747445430678	0	0
37.23379109582422	126.7747443665121	0	0
37.23378211494214	126.7747440835231	0	0
37.2337730532744	126.7747436473981	0	0
37.23376411379649	126.7747431095011	0	0
37.23375516101915	126.7747424238283	0	0
37.23374622319182	126.7747416080892	0	0
37.23373729448586	126.7747406406714	0	0
37.23372827054278	126.7747395301022	0	0
37.23371931608628	126.7747382772247	0	0
37.23371038530045	126.7747368737937	0	0
37.23370153708896	126.7747353120397	0	0
37.23369267683943	126.7747335829616	0	0
37.23368374854638	126.7747316655453	0	0
37.23367495288677	126.7747296192474	0	0
37.23366612146381	126.7747274062931	0	0
37.2336572713472	126.7747250485661	0	0
37.2336484111652	126.7747225506954	0	0
37.23363969695598	126.7747199544596	0	0
37.23363096798273	126.7747172067628	0	0
37.2336222918771	126.7747143220342	0	0
37.233613665692	126.7747112943186	0	0
37.23360508333189	126.7747081260514	0	0
37.23359655462524	126.77470483312	0	0
37.2335879954553	126.7747013908313	0	0
37.23357949122659	126.7746978414181	0	0
37.23357094188577	126.7746941294749	0	0
37.23356244637981	126.774690287738	0	0
37.23355401322925	126.7746863104197	0	0
37.23354563473759	126.7746822032063	0	0
37.23353730430348	126.7746780315422	0	0
37.23352902068893	126.7746737552155	0	0
37.23352076081494	126.7746693574219	0	0
37.23351249113757	126.7746648497807	0	0
37.23350428588596	126.7746602738631	0	0
37.23349613599852	126.774655617886	0	0
37.23348796174147	126.7746508389479	0	0
37.23347994074977	126.7746459092063	0	0
37.23347191646126	126.7746408078967	0	0
37.23346390273436	126.7746356199679	0	0
37.23345597336763	126.7746303447172	0	0
37.23344815625126	126.7746249448602	0	0
37.23344035521973	126.7746193413814	0	0
37.23343263515279	126.7746136027138	0	0
37.23342503975433	126.7746077387683	0	0
37.23341746258046	126.7746016503306	0	0
37.23340996059714	126.7745953835838	0	0
37.23340260886027	126.7745890430486	0	0
37.23339531169619	126.7745825948818	0	0
37.23338807698533	126.7745760200547	0	0
37.23338092328987	126.7745691171682	0	0
37.23337401434878	126.7745619383462	0	0
37.23336732257277	126.774554469245	0	0
37.23336076876533	126.7745467070486	0	0
37.23335445862102	126.7745388051647	0	0
37.23334838065997	126.774530603854	0	0
37.23334256262507	126.7745219543741	0	0
37.23333714387411	126.7745130081777	0	0
37.23333202332198	126.7745036875978	0	0
37.23332727394792	126.7744940972498	0	0
37.23332290583768	126.7744843156663	0	0
37.23331883908233	126.7744743504731	0	0
37.23331496726684	126.7744641285016	0	0
37.23331123273944	126.7744538679758	0	0
37.2333076152528	126.774443555166	0	0
37.23330410874667	126.774433261855	0	0
37.23330060784975	126.7744229038198	0	0
37.2332971281648	126.7744126025863	0	0
37.23329362017407	126.7744022622759	0	0
37.23329010227225	126.7743919660374	0	0
37.23328648388885	126.7743816975561	0	0
37.23328275197662	126.7743714756923	0	0
37.23327890893811	126.7743613441799	0	0
37.23327490888858	126.7743512834182	0	0
37.23327069328626	126.7743413301555	0	0
37.23326623562296	126.7743315826203	0	0
37.23326150446135	126.774321957951	0	0
37.23325655554462	126.7743125809016	0	0
37.23325143677077	126.7743034322279	0	0
37.23324603737522	126.7742944043284	0	0
37.233240409206	126.774285652009	0	0
37.23323450571122	126.7742771390285	0	0
37.23322841582621	126.7742688853338	0	0
37.23322215113118	126.7742608983962	0	0
37.23321562950176	126.7742530567995	0	0
37.23320890721268	126.7742455185688	0	0
37.23320205022507	126.7742383776131	0	0
37.23319496280478	126.774231483731	0	0
37.23318771486318	126.7742248205248	0	0
37.233180294459	126.7742183765894	0	0
37.23317274591644	126.77421213499	0	0
37.23316513417257	126.7742061917936	0	0
37.23315735068088	126.7742004829752	0	0
37.23314945051688	126.7741950404832	0	0
37.23314143856862	126.7741898339297	0	0
37.23313338687696	126.7741848680944	0	0
37.23312520476316	126.7741800407982	0	0
37.23311696067692	126.7741754316325	0	0
37.23310862654857	126.77417109635	0	0
37.2331002247742	126.7741670570138	0	0
37.23309169214524	126.7741632502903	0	0
37.2330831526241	126.7741597144736	0	0
37.23307458984178	126.7741563925592	0	0
37.23306598839363	126.7741532496315	0	0
37.23305735082646	126.7741503249755	0	0
37.23304858234334	126.7741475866967	0	0
37.23303976118283	126.7741450785172	0	0
37.23303097083104	126.7741427945655	0	0
37.2330222051546	126.7741407073235	0	0
37.23301335595606	126.7741387332159	0	0
37.23300447379715	126.7741369090779	0	0
37.23299561690006	126.7741352481682	0	0
37.23298676147597	126.7741338387053	0	0
37.2329777978788	126.7741326530795	0	0
37.23296881696115	126.7741317325359	0	0
37.23295986448485	126.7741310144979	0	0
37.23295083871527	126.7741304767359	0	0
37.23294176004896	126.7741301424765	0	0
37.23293279587796	126.7741299669589	0	0
37.23292379234866	126.7741300114705	0	0
37.2329147875448	126.77413021197	0	0
37.23290576300233	126.7741305063519	0	0
37.23289677762953	126.7741309966276	0	0
37.23288774913384	126.7741315826996	0	0
37.2328787881474	126.7741323015872	0	0
37.23286988580616	126.7741331276779	0	0
37.23286085882269	126.7741341035556	0	0
37.23285184768392	126.7741352501604	0	0
37.23284288640832	126.7741365416421	0	0
37.23283403806342	126.7741379829771	0	0
37.23282510767289	126.7741395829751	0	0
37.23281622512858	126.7741412929247	0	0
37.23280736447421	126.7741431142253	0	0
37.23279849963083	126.7741450727012	0	0
37.23278962602538	126.774147175325	0	0
37.23278082120549	126.7741494093531	0	0
37.23277196544323	126.7741518149941	0	0
37.23276317023343	126.7741543750843	0	0
37.23275447572094	126.7741570902526	0	0
37.23274576430019	126.7741599878229	0	0
37.23273713624574	126.7741630179325	0	0
37.23272851684309	126.7741661788341	0	0
37.23271985816285	126.7741694884815	0	0
37.23271122317794	126.7741729463097	0	0
37.23270264354039	126.7741765320889	0	0
37.23269417488368	126.7741802222518	0	0
37.23268574276494	126.7741840219468	0	0
37.23267733205405	126.7741879102499	0	0
37.2326688530065	126.7741918717922	0	0
37.23266039457223	126.774195606098	0	0
37.23265177318731	126.7741990019161	0	0
37.23264312162659	126.774201908739	0	0
37.23263439960756	126.7742043708672	0	0
37.2326255048037	126.7742063877634	0	0
37.23261660926746	126.774208034714	0	0
37.23260765795197	126.7742093556142	0	0
37.23259864812138	126.7742104135203	0	0
37.23258964664588	126.7742112460729	0	0
37.23258070030188	126.7742118801003	0	0
37.23257176152965	126.7742123576867	0	0
37.23256283017825	126.7742127388485	0	0
37.23255385483525	126.7742129986572	0	0
37.23254488487205	126.7742132235049	0	0
37.23253589133226	126.7742133762242	0	0
37.23252685782612	126.7742134871436	0	0
37.23251783522101	126.7742136030848	0	0
37.23250886897374	126.7742137407076	0	0
37.23249985097717	126.7742138982047	0	0
37.23249092170008	126.7742140520087	0	0
37.23248199011675	126.7742141976018	0	0
37.23247303875079	126.7742143159696	0	0
37.23246399718506	126.774214402012	0	0
37.23245500509778	126.7742144346273	0	0
37.23244595152308	126.7742144035957	0	0
37.23243702750112	126.7742142913955	0	0
37.23242804934088	126.7742141264657	0	0
37.23241908098918	126.77421390323	0	0
37.23241012882474	126.7742136190136	0	0
37.23240113469999	126.7742132416135	0	0
37.23239210940871	126.7742127554865	0	0
37.23238312830689	126.7742121415121	0	0
37.23237413395928	126.7742113808165	0	0
37.23236511189455	126.7742104611478	0	0
37.23235612747879	126.774209369617	0	0
37.23234719878972	126.7742080978908	0	0
37.23233835412064	126.7742066299033	0	0
37.23232939304593	126.7742049141742	0	0
37.23232050399179	126.7742029873646	0	0
37.23231168808873	126.7742008544223	0	0
37.23230293578298	126.7741985092066	0	0
37.23229417703322	126.7741959166771	0	0
37.23228540503602	126.7741930516064	0	0
37.23227670073241	126.7741899452573	0	0
37.23226811909641	126.7741865808772	0	0
37.23225955904431	126.7741829058351	0	0
37.23225112394639	126.7741789671535	0	0
37.23224273001282	126.7741747424461	0	0
37.23223450409743	126.7741703082162	0	0
37.23222634726892	126.7741656077891	0	0
37.23221830977425	126.7741606793166	0	0
37.23221034855663	126.7741555050123	0	0
37.23220250351201	126.7741500816165	0	0
37.23219468790208	126.7741443727504	0	0
37.23218700074975	126.7741384050471	0	0
37.23217946735438	126.7741321538923	0	0
37.23217214714325	126.7741255890069	0	0
37.2321650232004	126.7741186684569	0	0
37.23215814160633	126.7741114283213	0	0
37.23215142832765	126.7741038287411	0	0
37.23214492216403	126.7740959810139	0	0
37.23213865061068	126.7740879449893	0	0
37.23213252461476	126.7740796138271	0	0
37.2321266349955	126.7740711653111	0	0
37.23212087567914	126.7740624662812	0	0
37.23211530395755	126.7740536101484	0	0
37.23210990507976	126.7740445992032	0	0
37.23210464925519	126.7740354007609	0	0
37.23209955225397	126.7740260674311	0	0
37.23209461290955	126.7740166000951	0	0
37.23208982493235	126.7740070039722	0	0
37.232085221331	126.7739973583257	0	0
37.23208079017142	126.7739876423264	0	0
37.23207651463854	126.7739778501492	0	0
37.23207234363554	126.7739678814924	0	0
37.23206831613185	126.7739578883882	0	0
37.23206438399222	126.7739477784295	0	0
37.23206049456817	126.7739375479329	0	0
37.23205668875853	126.7739273052197	0	0
37.2320529894074	126.7739171270547	0	0
37.23204931138086	126.7739068165587	0	0
37.23204572247991	126.7738965829981	0	0
37.23204213241006	126.7738862529481	0	0
37.23203859603868	126.7738759687492	0	0
37.23203509397545	126.7738656566064	0	0
37.23203158362396	126.7738552386911	0	0
37.23202809433563	126.7738448174766	0	0
37.23202464610332	126.7738344942342	0	0
37.23202118302073	126.7738241067557	0	0
37.23201769796619	126.7738136436855	0	0
37.2320142534887	126.773803295657	0	0
37.23201076879289	126.7737928445676	0	0
37.23200730541795	126.7737824740193	0	0
37.23200381277805	126.7737720399407	0	0
37.23200034571553	126.7737617041418	0	0
37.23199683268115	126.7737512535421	0	0
37.23199334769272	126.7737409088501	0	0
37.2319898562014	126.7737305660103	0	0
37.23198632047232	126.7737201121133	0	0
37.23198279321219	126.7737097024725	0	0
37.23197930614437	126.7736994294314	0	0
37.23197581132428	126.7736891460817	0	0
37.23197227235885	126.7736787458818	0	0
37.23196871015399	126.7736682878723	0	0
37.23196513719829	126.773657808979	0	0
37.2319616276728	126.7736475187229	0	0
37.23195807725529	126.7736371106952	0	0
37.23195451594404	126.773626671317	0	0
37.23195095583578	126.7736162353913	0	0
37.23194741285147	126.773605849313	0	0
37.23194389063905	126.7735955222962	0	0
37.23194035948904	126.7735851686542	0	0
37.23193683427904	126.7735748356814	0	0
37.23193332459896	126.7735645505783	0	0
37.23192979729566	126.7735542222971	0	0
37.2319262594738	126.7735438734709	0	0
37.23192275045624	126.7735336165001	0	0
37.23191920540685	126.7735232629862	0	0
37.23191568862318	126.7735129975909	0	0
37.23191216914429	126.7735027207998	0	0
37.23190857606608	126.7734922274598	0	0
37.23190506639067	126.7734819688698	0	0
37.23190153004442	126.7734716224527	0	0
37.23189797341687	126.7734612059491	0	0
37.23189444759413	126.7734508634207	0	0
37.23189091327648	126.7734404806373	0	0
37.23188738713041	126.7734301100929	0	0
37.2318838443729	126.7734196767118	0	0
37.23188033584501	126.7734093406732	0	0
37.2318768214948	126.7733989888167	0	0
37.23187332678459	126.7733886971812	0	0
37.23186983722409	126.7733784291939	0	0
37.23186631905548	126.7733680840912	0	0
37.23186276012693	126.7733576293002	0	0
37.23185923479843	126.7733472833765	0	0
37.2318556980271	126.7733369118688	0	0
37.23185212811642	126.7733264517157	0	0
37.23184859732426	126.7733161100435	0	0
37.23184503719245	126.7733056855736	0	0
37.23184147138578	126.7732952469513	0	0
37.2318379426189	126.7732849192785	0	0
37.23183442023434	126.7732746111568	0	0
37.23183086520037	126.7732642080503	0	0
37.23182729984292	126.7732537761937	0	0
37.23182373440148	126.7732433481599	0	0
37.23182021885884	126.7732330512986	0	0
37.23181670891093	126.7732227488572	0	0
37.23181315176573	126.7732122915958	0	0
37.23180964648496	126.7732019728602	0	0
37.23180611455071	126.7731915564608	0	0
37.23180261907273	126.7731812287754	0	0
37.23179914079621	126.7731709144285	0	0
37.23179566204892	126.7731605585808	0	0
37.23179218164998	126.773150186871	0	0
37.23178867485798	126.7731397225455	0	0
37.23178518648812	126.7731292749656	0	0
37.23178172411026	126.7731188582883	0	0
37.23177827465542	126.7731083593304	0	0
37.23177490925323	126.7730979683703	0	0
37.23177161513966	126.7730875421125	0	0
37.23176834700305	126.7730769426982	0	0
37.23176522583044	126.7730664508284	0	0
37.2317621953765	126.7730558976263	0	0
37.23175926620002	126.7730453002832	0	0
37.23175643862074	126.7730346762127	0	0
37.23175370346291	126.7730239216039	0	0
37.23175111377677	126.773013228503	0	0
37.23174863096246	126.7730024747715	0	0
37.23174625948358	126.7729916553126	0	0
37.23174402214709	126.7729808385613	0	0
37.23174190242847	126.7729699799172	0	0
37.23173985810195	126.7729589723099	0	0
37.23173797732944	126.7729479867672	0	0
37.23173625257601	126.7729369425518	0	0
37.23173472951299	126.7729258953573	0	0
37.23173338264677	126.7729148033666	0	0
37.23173224643899	126.7729035856668	0	0
37.23173128049939	126.7728924662174	0	0
37.23173057593993	126.7728812122781	0	0
37.23173004068646	126.7728700140142	0	0
37.23172970142749	126.7728588358422	0	0
37.23172957099787	126.7728476662552	0	0
37.23172953376585	126.7728364739081	0	0
37.23172974333631	126.772825160999	0	0
37.23173012910417	126.7728138766133	0	0
37.23173073181422	126.772802589013	0	0
37.23173148638663	126.7727913314226	0	0
37.23173245243894	126.7727800602293	0	0
37.23173357303623	126.7727689425283	0	0
37.23173489618759	126.7727577929953	0	0
37.23173633008489	126.7727466677728	0	0
37.23173788202241	126.7727355142495	0	0
37.2317395561392	126.7727245130101	0	0
37.23174139662832	126.7727134440706	0	0
37.23174336011189	126.7727023450092	0	0
37.23174539612473	126.7726914448734	0	0
37.23174729058892	126.7726804866211	0	0
37.23174907032909	126.7726694943313	0	0
37.23175087900103	126.7726583747761	0	0
37.23175267313192	126.7726473526904	0	0
37.23175448424188	126.7726362794204	0	0
37.23175630322635	126.7726251578355	0	0
37.23175810043287	126.7726141543873	0	0
37.23175991020968	126.7726030882643	0	0
37.23176172325144	126.7725920176675	0	0
37.23176351765649	126.7725810613617	0	0
37.23176530885398	126.7725701277441	0	0
37.23176711118703	126.7725591272781	0	0
37.2317689229573	126.7725480648987	0	0
37.23177073142475	126.7725370064577	0	0
37.23177252532859	126.7725260178484	0	0
37.2317743152388	126.7725150278237	0	0
37.23177607508194	126.7725040673905	0	0
37.23178634824768	126.772496559322	0	0
37.23180272345538	126.7724926202731	0	0
37.23181379839441	126.7724900530061	0	0
37.23182674221328	126.7724870989178	0	0
37.23184151290426	126.7724837667635	0	0
37.23185806845962	126.7724800652983	0	0
37.23187636687167	126.7724760032773	0	0
37.23189636613261	126.7724715894557	0	0
37.23191802423477	126.7724668325885	0	0
37.23194129917035	126.7724617414309	0	0
37.23196614893165	126.7724563247378	0	0
37.23199253151093	126.7724505912641	0	0
37.2320204049004	126.7724445497651	0	0
37.23204972709234	126.7724382089954	0	0
37.232080456079	126.7724315777102	0	0
37.23211254985262	126.7724246646645	0	0
37.23214596640545	126.7724174786131	0	0
37.23218066372976	126.772410028311	0	0
37.23221659981778	126.7724023225132	0	0
37.23225373266175	126.7723943699747	0	0
37.23229202025396	126.7723861794505	0	0
37.23233142058665	126.7723777596955	0	0
37.23237189165206	126.7723691194648	0	0
37.23241339144246	126.7723602675135	0	0
37.23245587795012	126.7723512125966	0	0
37.23249930916732	126.7723419634691	0	0
37.23254364308628	126.7723325288863	0	0
37.23258883769932	126.7723229176032	0	0
37.23263485099869	126.7723131383751	0	0
37.23268164097669	126.7723031999572	0	0
37.23272916562557	126.7722931111047	0	0
37.23277738293766	126.7722828805729	0	0
37.23282625090522	126.7722725171172	0	0
37.23287572752057	126.7722620294929	0	0
37.23292577077601	126.7722514264556	0	0
37.23297633866385	126.7722407167605	0	0
37.23302738917639	126.7722299091634	0	0
37.23307888030597	126.7722190124197	0	0
37.23313077004489	126.772208035285	0	0
37.2331830163855	126.7721969865151	0	0
37.23323557732016	126.7721858748657	0	0
37.23328841084118	126.7721747090924	0	0
37.2333414749409	126.7721634979512	0	0
37.23339472761171	126.772152250198	0	0
37.23344812684596	126.7721409745887	0	0
37.23350163063601	126.7721296798792	0	0
37.23355519697424	126.7721183748256	0	0
37.23360878385304	126.7721070681841	0	0
37.23366234926478	126.7720957687107	0	0
37.23371585120188	126.7720844851618	0	0
37.2337692476567	126.7720732262935	0	0
37.2338224966217	126.7720620008623	0	0
37.23387555608923	126.7720508176244	0	0
37.23392838405178	126.7720396853363	0	0
37.23398093850173	126.7720286127546	0	0
37.23403317743151	126.7720176086357	0	0
37.23408505883357	126.7720066817363	0	0
37.23413654070036	126.7719958408129	0	0
37.23418758102431	126.7719850946224	0	0
37.23423813779789	126.7719744519214	0	0
37.23428816901355	126.7719639214668	0	0
37.23433763266378	126.7719535120153	0	0
37.23438648674103	126.771943232324	0	0
37.23443468923778	126.7719330911496	0	0
37.2344821981465	126.7719230972493	0	0
37.23452897145969	126.77191325938	0	0
37.23457496716986	126.7719035862987	0	0
37.23462014326946	126.7718940867626	0	0
37.23466445775102	126.7718847695289	0	0
37.23470786860702	126.7718756433545	0	0
37.23475033382999	126.7718667169968	0	0
37.23479181141243	126.771857999213	0	0
37.23483225934683	126.7718494987603	0	0
37.23487163562574	126.771841224396	0	0
37.23490989824165	126.7718331848773	0	0
37.23494700518709	126.7718253889616	0	0
37.23498291445458	126.7718178454062	0	0
37.23501758403664	126.7718105629684	0	0
37.23505097192579	126.7718035504056	0	0
37.23508303611454	126.7717968164751	0	0
37.23511373459544	126.7717903699342	0	0
37.23514302536099	126.7717842195404	0	0
37.23517086640373	126.7717783740508	0	0
37.23519721571618	126.7717728422229	0	0
37.23522203129084	126.7717676328139	0	0
37.23524527112024	126.7717627545813	0	0
37.23526689319691	126.7717582162822	0	0
37.23528685551331	126.7717540266738	0	0
37.23530511606201	126.7717501945134	0	0
37.23532163283549	126.7717467285583	0	0
37.23533636382623	126.7717436375655	0	0
37.23534926702676	126.7717409302921	0	0
37.23536030042956	126.7717386154952	0	0
37.23536942202709	126.7717367019318	0	0
37.23538176177632	126.7717341135333	0	0
37.23538593195774	126.7717334049269	0	0
