37.23539117422939	126.7719064017938	0	0
37.23539089669223	126.7718951673427	0	0
37.23539062161807	126.7718838735795	0	0
37.23539035358875	126.7718727055315	0	0
37.23539008500973	126.7718613684333	0	0
37.23538981172758	126.7718501215834	0	0
37.2353895353726	126.7718389016348	0	0
37.23538927188968	126.7718276448162	0	0
37.235389004408	126.7718162740276	0	0
37.23538874110562	126.771805109338	0	0
37.23538848145994	126.7717938419545	0	0
37.23538822933107	126.7717826173269	0	0
37.23538798448503	126.7717714381292	0	0
37.23538774325142	126.7717601881183	0	0
37.23538751114182	126.7717489312807	0	0
37.23538727405485	126.7717375861497	0	0
37.23538702926322	126.7717262235681	0	0
37.23538676792589	126.771714907347	0	0
37.23538647080391	126.7717035618372	0	0
37.23538614445479	126.7716922528143	0	0
37.23538576544942	126.7716809212913	0	0
37.23538536183877	126.7716696721969	0	0
37.23538492594935	126.7716583339614	0	0
37.23538444878949	126.7716470074458	0	0
37.23538391309066	126.7716356266102	0	0
37.23538333970565	126.7716244148944	0	0
37.23538271543685	126.7716132166093	0	0
37.23538201300943	126.771601920494	0	0
37.23538122321748	126.7715907204562	0	0
37.23538037210161	126.7715795983354	0	0
37.2353794354844	126.771568362041	0	0
37.23537843295763	126.7715571798707	0	0
37.23537734369535	126.7715458940487	0	0
37.23537620308295	126.7715346766444	0	0
37.23537501091347	126.7715236203489	0	0
37.23537374975039	126.7715124234819	0	0
37.23537241067059	126.77150119721	0	0
37.23537100385111	126.7714901654138	0	0
37.23536949571329	126.7714789854906	0	0
37.2353678940789	126.7714677585657	0	0
37.23536624321581	126.7714566352661	0	0
37.2353645120952	126.7714454200197	0	0
37.23536272519184	126.7714343210583	0	0
37.23536083558755	126.7714232708689	0	0
37.23535881715522	126.7714121574915	0	0
37.23535673956738	126.7714013006182	0	0
37.23535452497908	126.7713903516696	0	0
37.23535220552925	126.7713795412807	0	0
37.23534977594998	126.7713687853639	0	0
37.23534724132261	126.7713580472002	0	0
37.2353445523787	126.7713471581978	0	0
37.23534176242611	126.7713363773401	0	0
37.23533890068106	126.7713257864252	0	0
37.23533592431524	126.771315244453	0	0
37.23533279828627	126.7713045243476	0	0
37.23532960879448	126.7712940051514	0	0
37.23532630288545	126.7712835321339	0	0
37.23532286276272	126.7712729618548	0	0
37.235319390005	126.7712625871358	0	0
37.23531584437931	126.7712522786777	0	0
37.23531220283163	126.7712419491281	0	0
37.23530855242284	126.77123176776	0	0
37.23530479825202	126.7712215817736	0	0
37.23530094132667	126.7712114323817	0	0
37.23529701727791	126.7712013302701	0	0
37.23529299645875	126.7711912006157	0	0
37.23528891086102	126.7711811117667	0	0
37.23528481752151	126.7711711664361	0	0
37.23528067391729	126.7711612696016	0	0
37.23527643795975	126.7711514009936	0	0
37.23527207554692	126.7711414723778	0	0
37.2352676980563	126.7711317198044	0	0
37.235263163052	126.7711218222452	0	0
37.23525857720427	126.7711120744117	0	0
37.23525386050222	126.7711023116075	0	0
37.23524909069176	126.7710927401582	0	0
37.23524417571215	126.7710832167494	0	0
37.23523918584404	126.7710738142518	0	0
37.23523410504207	126.771064481399	0	0
37.23522892572022	126.7710552775192	0	0
37.23522364930414	126.7710462244373	0	0
37.23521822249386	126.7710371723847	0	0
37.23521275871107	126.7710282557873	0	0
37.23520717143072	126.7710194371841	0	0
37.23520148475406	126.7710107126119	0	0
37.23519574926537	126.771002138243	0	0
37.23518979617906	126.7709935072491	0	0
37.23518386420294	126.7709851263151	0	0
37.23517780465151	126.7709766953886	0	0
37.23517177049591	126.7709684680945	0	0
37.23516550755946	126.7709601577258	0	0
37.23515916408635	126.7709519271214	0	0
37.23515290366622	126.770943925462	0	0
37.23514653249659	126.7709359168799	0	0
37.23514016902433	126.7709280440405	0	0
37.23513373373387	126.7709202100523	0	0
37.23512715998529	126.7709123167911	0	0
37.23512058312093	126.7709045463564	0	0
37.23511402706727	126.7708969519043	0	0
37.23510731448948	126.7708893481881	0	0
37.23510048763627	126.7708817615038	0	0
37.23509360424676	126.7708742843071	0	0
37.23508672105935	126.7708670036832	0	0
37.23507971979879	126.7708597740998	0	0
37.23507269512311	126.7708526909906	0	0
37.23506565537964	126.770845757692	0	0
37.23505854795054	126.7708389006959	0	0
37.23505133364098	126.7708320838855	0	0
37.23504412497655	126.7708254168589	0	0
37.23503683372939	126.770818795777	0	0
37.23502949750752	126.7708122492127	0	0
37.23502219183846	126.7708058340651	0	0
37.23501479312488	126.7707994929334	0	0
37.23500719818197	126.7707931587863	0	0
37.23499968821351	126.7707870402274	0	0
37.2349921207867	126.7707809712311	0	0
37.23498450636338	126.7707749975453	0	0
37.23497689066053	126.7707691622554	0	0
37.23496922586747	126.7707634345489	0	0
37.23496152128586	126.7707578019721	0	0
37.23495375072616	126.7707522639501	0	0
37.23494579650255	126.7707467503251	0	0
37.23493777063206	126.7707413342418	0	0
37.23492986111803	126.770736118023	0	0
37.23492191698408	126.7707310372545	0	0
37.23491379542187	126.7707260048098	0	0
37.23490566624128	126.7707211208906	0	0
37.23489748169007	126.7707163403177	0	0
37.23488920661512	126.7707116671147	0	0
37.23488089660091	126.7707071175949	0	0
37.23487267214632	126.7707027428075	0	0
37.23486432131182	126.7706984395438	0	0
37.23485590759293	126.7706942691857	0	0
37.23484745936247	126.7706902186985	0	0
37.23483903551953	126.7706862999697	0	0
37.23483052910493	126.7706824599693	0	0
37.23482206891466	126.7706787650445	0	0
37.234813460623	126.7706751071489	0	0
37.23480480484885	126.7706715763289	0	0
37.23479624007958	126.7706682451748	0	0
37.23478743113282	126.7706649480979	0	0
37.23477876240831	126.770661800478	0	0
37.23477011158053	126.7706587882475	0	0
37.23476144197312	126.7706558987209	0	0
37.23475265734127	126.7706530911179	0	0
37.23474377845676	126.7706503558427	0	0
37.23473509102194	126.7706477668272	0	0
37.23472622287959	126.770645251064	0	0
37.23471743802255	126.770642873455	0	0
37.23470853212388	126.7706405989874	0	0
37.23469968298082	126.7706384617643	0	0
37.23469077890974	126.7706364270267	0	0
37.23468197620045	126.7706345171267	0	0
37.23467294907849	126.7706326406715	0	0
37.23466404505459	126.770630869897	0	0
37.23465509641529	126.7706291663306	0	0
37.23464612007993	126.770627585895	0	0
37.23463700180353	126.7706260989994	0	0
37.2346278665141	126.7706247085202	0	0
37.23461886765292	126.770623469701	0	0
37.23460993472036	126.770622376342	0	0
37.23460082055247	126.7706213763349	0	0
37.23459178988523	126.7706205162182	0	0
37.23458288829982	126.7706197693768	0	0
37.23457379538651	126.7706191108503	0	0
37.234564804101	126.7706185617238	0	0
37.23455573611984	126.7706180880893	0	0
37.23454668126607	126.7706176978941	0	0
37.23453761451884	126.7706173684231	0	0
37.2345285104646	126.7706171180762	0	0
37.23451943525506	126.7706169626022	0	0
37.23451044101111	126.7706168637746	0	0
37.23450145016146	126.770616830745	0	0
37.23449251261302	126.770616880976	0	0
37.23448350158824	126.7706169773274	0	0
37.23447441748758	126.7706171517296	0	0
37.23446530047947	126.7706173578263	0	0
37.234456297051	126.770617585714	0	0
37.23444729774263	126.7706178508929	0	0
37.23443820071592	126.7706181476091	0	0
37.23442915178536	126.7706184553098	0	0
37.23442012429966	126.770618783753	0	0
37.23441109513328	126.7706191372507	0	0
37.23440208470372	126.7706195004658	0	0
37.2343929683347	126.770619888345	0	0
37.2343838032152	126.7706202938656	0	0
37.23437472197897	126.7706207039098	0	0
37.23436569157919	126.7706211263601	0	0
37.23435676641701	126.7706215486929	0	0
37.23434772429196	126.7706219726455	0	0
37.23433863761228	126.7706223988768	0	0
37.2343296072328	126.7706228169144	0	0
37.23432068029527	126.7706232230046	0	0
37.23431167392703	126.7706236257083	0	0
37.23430274076861	126.7706240177299	0	0
37.23429377872506	126.770624404662	0	0
37.23428473715307	126.7706247891199	0	0
37.23427561146998	126.7706251692055	0	0
37.23426644203445	126.7706255457742	0	0
37.23425736102542	126.7706259194315	0	0
37.23424827565884	126.7706262841112	0	0
37.23423922777594	126.770626645083	0	0
37.23423012708582	126.7706270527343	0	0
37.2342210871266	126.7706276181872	0	0
37.23421218327314	126.7706283384437	0	0
37.23420327495483	126.7706291618394	0	0
37.23419428422631	126.7706301142377	0	0
37.23418520445953	126.7706310488348	0	0
37.23417620870917	126.7706318650572	0	0
37.23416724912288	126.7706326536837	0	0
37.23415829609488	126.7706334278899	0	0
37.234149296853	126.7706342243329	0	0
37.23414031103754	126.7706351401169	0	0
37.23413140692093	126.7706361889362	0	0
37.23412245359926	126.7706373992348	0	0
37.23411357167284	126.770638847014	0	0
37.23410461345009	126.7706402141262	0	0
37.23409559105503	126.7706414407417	0	0
37.23408661002732	126.7706429788474	0	0
37.23407767412158	126.7706449875466	0	0
37.2340688414283	126.7706470544996	0	0
37.23406001527027	126.7706491930805	0	0
37.23405117999143	126.7706513512283	0	0
37.2340424237969	126.770653751815	0	0
37.23403378391494	126.7706567921918	0	0
37.23402501802766	126.7706595285087	0	0
37.23401631720542	126.7706620325015	0	0
37.23400753426444	126.7706644760484	0	0
37.23399887760132	126.770667411264	0	0
37.23399030458305	126.7706707315498	0	0
37.23398174275737	126.7706740586517	0	0
37.23397310785766	126.7706769427897	0	0
37.23396451622612	126.7706799408986	0	0
37.23395614713438	126.7706841610894	0	0
37.23394797749977	126.7706888453126	0	0
37.23393980525312	126.7706934382519	0	0
37.23393157790864	126.7706978363755	0	0
37.23392334289835	126.770702192492	0	0
37.23391557400849	126.7707076838296	0	0
37.23390756550372	126.7707127103676	0	0
37.2338996562945	126.7707179213837	0	0
37.23389144435596	126.7707224668317	0	0
37.23388261102646	126.7707244372041	0	0
37.23387366622089	126.7707257518585	0	0
37.2338647480896	126.7707273345323	0	0
37.23385584841447	126.7707290898936	0	0
37.23384706240623	126.7707312059524	0	0
37.23383835108691	126.770733678582	0	0
37.23382965102181	126.7707366308715	0	0
37.23382108140592	126.7707400731272	0	0
37.23381259184342	126.7707438203563	0	0
37.23380427718159	126.7707479542061	0	0
37.2337960192185	126.7707525904548	0	0
37.23378806087655	126.770757671794	0	0
37.23378025978148	126.7707632722273	0	0
37.23377267555108	126.7707693502482	0	0
37.23376538467643	126.7707757821637	0	0
37.23375823301436	126.7707826757653	0	0
37.23375128251052	126.7707899259074	0	0
37.23374450334599	126.7707974846225	0	0
37.23373789316922	126.7708052653972	0	0
37.23373151793822	126.7708131065301	0	0
37.23372524563709	126.7708211547606	0	0
37.2337190909927	126.770829265865	0	0
37.23371297388172	126.7708375599595	0	0
37.23370697442753	126.7708459273903	0	0
37.23370107614052	126.7708543840042	0	0
37.23369521487094	126.7708630191303	0	0
37.2336894960247	126.7708716531056	0	0
37.23368382680941	126.7708804095958	0	0
37.2336782078446	126.7708892704133	0	0
37.23367271300754	126.7708981287896	0	0
37.23366725107859	126.7709071391187	0	0
37.23366188114817	126.7709162061752	0	0
37.23365665033852	126.7709252548635	0	0
37.23365147080114	126.770934501524	0	0
37.23364635160021	126.7709439335117	0	0
37.23364141671364	126.7709532828773	0	0
37.23363652430513	126.7709628643124	0	0
37.23363176029468	126.7709724805802	0	0
37.23362715864667	126.7709820409254	0	0
37.23362264484947	126.7709917127302	0	0
37.23361821745199	126.7710014780445	0	0
37.23361384339162	126.7710114226708	0	0
37.23360966445659	126.7710213078074	0	0
37.23360561383076	126.7710312531169	0	0
37.2336016674948	126.771041336172	0	0
37.23359784861958	126.7710515406951	0	0
37.23359414622736	126.7710619088008	0	0
37.23359063263313	126.7710721927968	0	0
37.23358722483988	126.7710826005362	0	0
37.23358392422079	126.7710931255132	0	0
37.23358077666618	126.7711035998877	0	0
37.23357766640372	126.7711143854743	0	0
37.23357471314845	126.7711249426852	0	0
37.23357180709164	126.7711355862717	0	0
37.23356900254353	126.7711461763758	0	0
37.23356622676575	126.7711568476223	0	0
37.2335634314888	126.7711677427522	0	0
37.23356066953318	126.7711785944097	0	0
37.23355793483376	126.7711894084392	0	0
37.23355522290532	126.7712002140955	0	0
37.23355249954513	126.7712110253039	0	0
37.23354979182789	126.771221744464	0	0
37.23354704711107	126.7712324812823	0	0
37.23354425115276	126.7712433027191	0	0
37.23354140978293	126.7712541324196	0	0
37.23353853809796	126.771264813264	0	0
37.2335355839816	126.7712755531628	0	0
37.23353258113715	126.7712862321933	0	0
37.23352955173561	126.7712967832218	0	0
37.23352643715354	126.7713073770997	0	0
37.2335232916713	126.7713178212175	0	0
37.23352003123863	126.7713283531143	0	0
37.2335166977884	126.7713387877438	0	0
37.23351326234705	126.7713492263837	0	0
37.23350977377009	126.771359535632	0	0
37.23350610234089	126.7713699765864	0	0
37.23350236065738	126.7713802143227	0	0
37.23349849706164	126.7713903873941	0	0
37.23349450695689	126.7714004997748	0	0
37.23349045394113	126.771410450877	0	0
37.23348626164375	126.7714204723965	0	0
37.23348193326382	126.7714305062468	0	0
37.23347754342023	126.7714404298633	0	0
37.23347307420738	126.7714502823221	0	0
37.23346849743041	126.7714602000055	0	0
37.23346390690467	126.7714699551367	0	0
37.23345923503678	126.7714796853974	0	0
37.23345457805083	126.7714892366858	0	0
37.23344987840241	126.7714987415764	0	0
37.23344504744186	126.7715082742351	0	0
37.23344010509635	126.7715177921301	0	0
37.2334350378459	126.7715273627088	0	0
37.23342998645967	126.7715366708508	0	0
37.23342485252982	126.7715458973749	0	0
37.23341962720549	126.7715550400866	0	0
37.23341420681115	126.7715642791257	0	0
37.23340880370677	126.7715732942471	0	0
37.23340327289738	126.771582295428	0	0
37.23339769399045	126.7715911133587	0	0
37.23339193983404	126.7715999187548	0	0
37.23338610709723	126.7716085865473	0	0
37.23338013652694	126.7716172728656	0	0
37.23337416196904	126.7716257643654	0	0
37.23336811802116	126.7716341380976	0	0
37.23336193557492	126.7716425541548	0	0
37.23335578005786	126.7716508271026	0	0
37.23334958279864	126.771659028318	0	0
37.23334329636697	126.7716672613166	0	0
37.23333708370007	126.7716753218011	0	0
37.23333079629722	126.7716833655621	0	0
37.23332448565209	126.7716912884475	0	0
37.23331805335296	126.7716992167897	0	0
37.23331153620958	126.7717070585229	0	0
37.23330498182994	126.7717147653832	0	0
37.23329831795426	126.7717224067141	0	0
37.23329152873239	126.7717299965417	0	0
37.23328477384607	126.7717373635529	0	0
37.23327782516434	126.771744754654	0	0
37.23327083637512	126.7717520133773	0	0
37.23326379755188	126.7717591516147	0	0
37.23325675312525	126.7717661335938	0	0
37.23324960769265	126.7717730468866	0	0
37.23324238166886	126.7717798547603	0	0
37.23323513601817	126.7717865147024	0	0
37.23322787826353	126.7717930393496	0	0
37.23322056778555	126.7717994607887	0	0
37.23321305720277	126.7718059078214	0	0
37.23320555527359	126.7718122193908	0	0
37.23319800248059	126.7718184393728	0	0
37.23319046641006	126.7718245443422	0	0
37.23318289583824	126.771830584712	0	0
37.23317531929754	126.7718365527113	0	0
37.23316769149157	126.7718424875484	0	0
37.23316004589263	126.7718483398243	0	0
37.23315227389349	126.771854176155	0	0
37.23314444949403	126.7718599290608	0	0
37.23313657666944	126.7718656165569	0	0
37.23312866863658	126.7718712483152	0	0
37.23312078970342	126.7718767750158	0	0
37.23311286706626	126.7718822853902	0	0
37.23310500160961	126.7718877098274	0	0
37.23309710656429	126.7718931613885	0	0
37.23308927194632	126.7718985779621	0	0
37.23308145573624	126.7719039972933	0	0
37.2330736552533	126.77190941738	0	0
37.23306577801199	126.7719148897598	0	0
37.23305790998932	126.7719203621256	0	0
37.23305001941798	126.7719258707945	0	0
37.23304212561313	126.7719313990498	0	0
37.2330343459814	126.7719368747954	0	0
37.23302655834251	126.7719423994661	0	0
37.2330187182714	126.7719480217156	0	0
37.23301091396958	126.7719537640912	0	0
37.23300312696689	126.7719596620798	0	0
37.23299544933342	126.7719656926094	0	0
37.23298793351267	126.7719718383022	0	0
37.23298041736339	126.7719782158773	0	0
37.23297311400255	126.771984659072	0	0
37.23296582086831	126.7719913516695	0	0
37.23295860273591	126.7719982396958	0	0
37.2329515394657	126.7720052837947	0	0
37.23294457683108	126.7720125240499	0	0
37.2329377542882	126.772019931259	0	0
37.23293110845199	126.7720274887022	0	0
37.23292462015402	126.7720352110454	0	0
37.23291823079103	126.7720431241757	0	0
37.23291192538765	126.7720511830164	0	0
37.2329057734583	126.7720593734428	0	0
37.2328997424791	126.7720677238289	0	0
37.23289377720182	126.7720762761398	0	0
37.23288801008575	126.7720850098476	0	0
37.23288242821053	126.7720939202753	0	0
37.23287708077596	126.7721028622615	0	0
37.23287181801049	126.7721120542442	0	0
37.23286677997918	126.7721212922216	0	0
37.23286190438432	126.772130649546	0	0
37.23285717003518	126.7721401135392	0	0
37.23285250788564	126.7721498408288	0	0
37.23284800542303	126.7721596631738	0	0
37.23284369110712	126.772169484533	0	0
37.23283946530243	126.7721795283845	0	0
37.23283542200673	126.7721895814826	0	0
37.23283151865423	126.7721996833725	0	0
37.23282770303985	126.7722099378068	0	0
37.23282402916954	126.772220227651	0	0
37.23282047497874	126.7722305990257	0	0
37.23281704335152	126.7722410100821	0	0
37.23281370376422	126.7722514880709	0	0
37.23281047411985	126.772261905182	0	0
37.23280726979825	126.7722724835034	0	0
37.23280417039683	126.7722829505925	0	0
37.23280113832278	126.7722934789707	0	0
37.23279812926997	126.7723042149662	0	0
37.23279526532151	126.7723148316229	0	0
37.23279248022432	126.7723256317088	0	0
37.23278984736862	126.7723364263708	0	0
37.23278740391042	126.7723471917645	0	0
37.23278514056364	126.7723579912045	0	0
37.23278310147316	126.7723689355042	0	0
37.23278126531273	126.7723800017446	0	0
37.23277965738683	126.7723911314101	0	0
37.2327782792212	126.7724021868469	0	0
37.23277705939606	126.7724133705872	0	0
37.23277608407442	126.7724246401618	0	0
37.23277535414714	126.7724357853412	0	0
37.23277486813584	126.7724469612053	0	0
37.232774559221	126.7724581127712	0	0
37.2327744310983	126.7724694300144	0	0
37.23277446408569	126.7724805957057	0	0
37.23277464175425	126.7724918447602	0	0
37.23277484150352	126.7725030986794	0	0
37.23277515331978	126.7725144268416	0	0
37.23277556138747	126.7725255770736	0	0
37.23277612716136	126.7725368341182	0	0
37.23277684733257	126.7725480639543	0	0
37.23277780355728	126.7725592596553	0	0
37.23277890471662	126.7725703387066	0	0
37.23278019976019	126.7725814637703	0	0
37.23278162831225	126.7725926477248	0	0
37.23278319614491	126.7726037955912	0	0
37.23278485140456	126.772614792459	0	0
37.23278668215145	126.7726258786239	0	0
37.23278870136498	126.7726367750284	0	0
37.23279096368817	126.7726477119526	0	0
37.23279345382158	126.7726585008491	0	0
37.23279615519478	126.7726692975641	0	0
37.23279904478288	126.7726799656666	0	0
37.23280208152151	126.7726905769357	0	0
37.23280530301204	126.7727011920792	0	0
37.23280860889049	126.7727116154811	0	0
37.23281204599561	126.7727220729265	0	0
37.23281554719365	126.7727324486108	0	0
37.23281910796624	126.7727427380984	0	0
37.23282275343421	126.7727530461996	0	0
37.23282642052454	126.7727633101257	0	0
37.23283011609885	126.7727735793057	0	0
37.23283382934289	126.7727838692174	0	0
37.23283751072083	126.7727940615162	0	0
37.2328412175227	126.7728043348917	0	0
37.23284491434755	126.7728145994848	0	0
37.23284858718168	126.7728248249447	0	0
37.23285223760678	126.7728350244674	0	0
37.23285594169478	126.7728454144617	0	0
37.2328595744436	126.7728556387537	0	0
37.23286321331923	126.7728659412008	0	0
37.2328668254226	126.7728762425374	0	0
37.23287046646441	126.7728866853269	0	0
37.23287408099673	126.7728971049197	0	0
37.23287767196882	126.7729074943101	0	0
37.23288124620871	126.7729178776376	0	0
37.23288483778145	126.7729283432268	0	0
37.23288836909325	126.7729386575962	0	0
37.23289189300029	126.7729489715934	0	0
37.23289544941987	126.7729594025033	0	0
37.23289894795364	126.7729696823146	0	0
37.23290250013656	126.7729801278613	0	0
37.23290598956358	126.7729903966386	0	0
37.23290948617635	126.7730006848849	0	0
37.23291299675139	126.773011012993	0	0
37.2329165190652	126.7730213585837	0	0
37.23292004138418	126.7730316893752	0	0
37.23292360758732	126.7730421368758	0	0
37.23292716534592	126.7730525451654	0	0
37.2329307131409	126.7730629087203	0	0
37.2329342438923	126.7730732055093	0	0
37.23293780956361	126.7730835914623	0	0
37.23294138130624	126.7730939940276	0	0
37.23294494152538	126.773104363086	0	0
37.23294851644148	126.7731147728803	0	0
37.23295209893546	126.7731252037004	0	0
37.23295567504283	126.7731356129663	0	0
37.23295921887863	126.773145920448	0	0
37.23296277277341	126.7731562527933	0	0
37.23296631940423	126.7731665614529	0	0
37.23296985435769	126.7731768373749	0	0
37.23297344030562	126.7731872668431	0	0
37.23297699600429	126.7731976038505	0	0
37.23298060804733	126.7732080957295	0	0
37.23298416457256	126.7732184198549	0	0
37.23298771785115	126.7732287230849	0	0
37.23299129292408	126.7732390795216	0	0
37.23299484117445	126.7732493584543	0	0
37.23299838325776	126.7732596145439	0	0
37.23300200220148	126.7732700865022	0	0
37.23300557556739	126.7732804168463	0	0
37.23300914906099	126.7732907184066	0	0
37.23301274815986	126.7733010713656	0	0
37.23301635291303	126.7733114646656	0	0
37.23301992687787	126.773321785878	0	0
37.23302353218132	126.7733322259409	0	0
37.23302710961039	126.773342605683	0	0
37.23303067969432	126.7733528578781	0	0
37.23303428839367	126.7733630943223	0	0
37.23303796632839	126.773373297958	0	0
37.23304175807425	126.7733835721418	0	0
37.23304562381012	126.7733937824035	0	0
37.23304956468677	126.7734038962739	0	0
37.23305358103437	126.7734138727241	0	0
37.23305769506827	126.7734238598415	0	0
37.2330618805932	126.7734337656095	0	0
37.23306616801271	126.7734436054155	0	0
37.23307053986247	126.7734533374175	0	0
37.23307501846372	126.7734630225995	0	0
37.23307961908672	126.7734726443035	0	0
37.23308430243276	126.7734821581073	0	0
37.23308907908584	126.7734916321204	0	0
37.23309395002749	126.7735010125668	0	0
37.23309892003051	126.7735103358558	0	0
37.2331039678074	126.7735196001541	0	0
37.23310917604525	126.7735288497911	0	0
37.23311449498036	126.773537988126	0	0
37.23311990314139	126.7735469869462	0	0
37.23312542283155	126.7735557834576	0	0
37.2331312151431	126.7735646393499	0	0
37.2331370009857	126.773573216368	0	0
37.23314300144914	126.7735816803333	0	0
37.23314910552511	126.7735898853172	0	0
37.23315532657463	126.7735978796097	0	0
37.233161683753	126.7736057074154	0	0
37.23316820980642	126.7736134477881	0	0
37.23317485879294	126.7736210163036	0	0
37.2331816961621	126.7736285175254	0	0
37.23318851585347	126.773635791581	0	0
37.23319545983993	126.7736429268935	0	0
37.23320255022416	126.7736499749461	0	0
37.23320969244298	126.7736568831391	0	0
37.23321684451225	126.7736635922531	0	0
37.23322415764281	126.7736702522681	0	0
37.2332315057659	126.7736767793128	0	0
37.23323895158544	126.7736832146364	0	0
37.2332465482552	126.7736895488826	0	0
37.2332541346154	126.7736957102798	0	0
37.23326166063836	126.7737017060002	0	0
37.23326933276579	126.7737075669183	0	0
37.23327711586992	126.7737132765826	0	0
37.23328501167884	126.7737188956103	0	0
37.23329299929006	126.7737243728004	0	0
37.2333010012794	126.7737296458722	0	0
37.23330901051222	126.7737347401415	0	0
37.23331711345423	126.7737396750125	0	0
37.23332533485607	126.7737444532025	0	0
37.23333356847284	126.7737490210065	0	0
37.23334189055454	126.7737534029889	0	0
37.2333503293849	126.7737576191676	0	0
37.23335871537692	126.7737616096898	0	0
37.23336724822563	126.7737654690118	0	0
37.23337573922633	126.7737690837637	0	0
37.233384331379	126.7737724987277	0	0
37.23339303398387	126.7737757698365	0	0
37.23340167265962	126.7737787827675	0	0
37.23341036404493	126.7737815736753	0	0
37.23341908832603	126.7737841938292	0	0
37.23342786890858	126.7737866710057	0	0
37.23343676649516	126.7737890412947	0	0
37.23344563980562	126.7737912760849	0	0
37.23345451095057	126.7737933682695	0	0
37.23346339459971	126.7737953525993	0	0
37.23347224414363	126.7737971990374	0	0
37.23348118415078	126.7737988887101	0	0
37.23349013399883	126.7738003964827	0	0
37.23349917982167	126.7738017803203	0	0
37.2335081104131	126.7738029356235	0	0
37.23351706938094	126.7738039262463	0	0
37.23352608309887	126.7738047234786	0	0
37.23353505178891	126.7738053092509	0	0
37.233544061413	126.7738056706909	0	0
37.23355313071982	126.7738059222645	0	0
37.23356210063145	126.7738059495499	0	0
37.23357106465157	126.7738057515206	0	0
37.233580004606	126.7738053526302	0	0
37.23358899293261	126.7738047096008	0	0
37.23359795012168	126.7738039381654	0	0
37.23360697807249	126.7738029180638	0	0
37.23361589363366	126.7738017814935	0	0
37.23362485587401	126.7738004919819	0	0
37.2336338580711	126.773798995564	0	0
37.23364274409559	126.7737973556728	0	0
37.2336516452707	126.7737954964346	0	0
37.23366055862779	126.7737934356023	0	0
37.23366931290693	126.7737911972845	0	0
37.23367816701091	126.7737887666689	0	0
37.23368693875709	126.7737861634872	0	0
37.23369558681379	126.7737833889798	0	0
37.23370419770408	126.7737804006345	0	0
37.23371276017106	126.7737772356211	0	0
37.23372133280994	126.7737737056638	0	0
37.23373001865664	126.7737699454279	0	0
37.23373876942841	126.7737660862733	0	0
37.2337473301235	126.7737621580331	0	0
37.233755783193	126.773758038347	0	0
37.23376416154605	126.7737538068967	0	0
37.23377244617569	126.7737495316259	0	0
37.23378081795637	126.7737450649572	0	0
37.23378907741064	126.7737405074741	0	0
37.23379719342523	126.773735830759	0	0
37.23380522819664	126.7737309575821	0	0
37.2338132911208	126.7737258154231	0	0
37.23382122040017	126.7737204896635	0	0
37.23382913624399	126.7737149326626	0	0
37.23383692011703	126.7737092397382	0	0
37.23384458241803	126.7737033967774	0	0
37.23385220635527	126.7736973884379	0	0
37.23385968288625	126.773691297071	0	0
37.23386709699533	126.7736850618819	0	0
37.23387450683378	126.773678611024	0	0
37.23388176027194	126.7736720875044	0	0
37.23388903401295	126.7736653521858	0	0
37.233896134256	126.7736585392952	0	0
37.23390321709049	126.773651456193	0	0
37.23391012032437	126.7736443390606	0	0
37.23391693723112	126.7736371246811	0	0
37.2339237301432	126.7736297696299	0	0
37.23393043319756	126.7736223393341	0	0
37.23393703416524	126.7736148147072	0	0
37.23394363684151	126.7736070293352	0	0
37.23395002406718	126.7735992339584	0	0
37.23395634736828	126.7735912043388	0	0
37.23396257527604	126.7735830049525	0	0
37.23396867114058	126.7735746302494	0	0
37.23397466625605	126.7735660033098	0	0
37.23398045070818	126.7735574522636	0	0
37.23398621043498	126.7735486532777	0	0
37.23399181194775	126.7735397000092	0	0
37.23399721907022	126.7735307534122	0	0
37.23400252926927	126.7735216670768	0	0
37.23400766714248	126.7735125388003	0	0
37.23401276111137	126.7735031884758	0	0
37.23401776294076	126.7734936819684	0	0
37.23402261031074	126.7734841692463	0	0
37.23402728629851	126.7734746629165	0	0
37.23403190881302	126.773464858082	0	0
37.23403635761085	126.7734550782516	0	0
37.23404069413247	126.7734451741505	0	0
37.23404491011533	126.7734351482101	0	0
37.2340489555731	126.7734251801319	0	0
37.23405292564292	126.7734150724942	0	0
37.23405678445148	126.7734049151574	0	0
37.23406051723652	126.7733946979885	0	0
37.23406417202735	126.7733843090461	0	0
37.234067659035	126.7733740332737	0	0
37.23407109066977	126.7733634851712	0	0
37.23407437210233	126.773353001019	0	0
37.23407754996153	126.7733424002861	0	0
37.23408061271161	126.773331706531	0	0
37.23408350602168	126.7733210460142	0	0
37.23408626178997	126.7733103849325	0	0
37.23408891600545	126.773299492285	0	0
37.23409140202109	126.7732886566527	0	0
37.23409376042413	126.7732777369117	0	0
37.23409595325531	126.7732668535982	0	0
37.23409803598013	126.7732558071993	0	0
37.23409995884151	126.7732448176406	0	0
37.23410171536376	126.7732337490629	0	0
37.23410336563067	126.7732224716241	0	0
37.23410485208468	126.7732113223075	0	0
37.23410613747949	126.7732002237086	0	0
37.23410728561222	126.773189108525	0	0
37.23410825072018	126.7731779672475	0	0
37.23410907247931	126.7731666602898	0	0
37.23410970022436	126.7731555273107	0	0
37.23411020091196	126.7731442074015	0	0
37.23411055920408	126.7731330452679	0	0
37.23411080240275	126.7731217035821	0	0
37.23411094749208	126.7731104585876	0	0
37.234110972616	126.7730992289293	0	0
37.23411082139421	126.7730878996732	0	0
37.23411064171685	126.7730766042107	0	0
37.23411044873827	126.7730654304116	0	0
37.23411017298802	126.7730542345563	0	0
37.23410984140948	126.7730430546116	0	0
37.23410949316458	126.773031663325	0	0
37.23410914742124	126.7730203811121	0	0
37.23410880295628	126.7730091102174	0	0
37.23410846325607	126.7729977489483	0	0
37.23410813794842	126.7729863455495	0	0
37.23410782713289	126.7729751654013	0	0
37.23410751402257	126.7729638057081	0	0
37.23410720201505	126.7729523751472	0	0
37.23410689450508	126.7729409996578	0	0
37.23410658799384	126.7729295822159	0	0
37.23410628844986	126.7729183232901	0	0
37.23410599796161	126.7729071428502	0	0
37.2341057114122	126.7728958424931	0	0
37.23410542687029	126.7728843782311	0	0
37.23410514825181	126.7728730250575	0	0
37.23410487644517	126.7728618280398	0	0
37.23410460976947	126.7728506635471	0	0
37.23410434230505	126.7728394044027	0	0
37.23410407235809	126.7728280017219	0	0
37.23410380154119	126.7728165522442	0	0
37.23410353292683	126.7728052175245	0	0
37.23410326457011	126.7727939438925	0	0
37.23410299602331	126.7727826724479	0	0
37.2341027302225	126.7727715167885	0	0
37.23410246368898	126.7727603253294	0	0
37.23410219395976	126.7727490204634	0	0
37.23410192595919	126.7727377512292	0	0
37.23410165855807	126.7727263709406	0	0
37.23410139350502	126.7727150135148	0	0
37.23410113388094	126.7727036617285	0	0
37.2341008873457	126.772692482656	0	0
37.2341006420486	126.7726811039959	0	0
37.23410040253329	126.7726697944659	0	0
37.2341001653591	126.7726584244873	0	0
37.23409992964573	126.7726470524411	0	0
37.23409969626005	126.772635766229	0	0
37.23409946126439	126.7726243555718	0	0
37.23409923022086	126.7726130851815	0	0
37.23409899833983	126.772601717518	0	0
37.2340987664049	126.7725903242555	0	0
37.23409853867972	126.7725791242577	0	0
37.23409830991914	126.772567862592	0	0
37.23409808270091	126.7725566765074	0	0
37.23409785369006	126.7725453865295	0	0
37.23409762316049	126.7725340442151	0	0
37.23409739140445	126.7725226877599	0	0
37.2340971570887	126.7725112490344	0	0
37.23409692216395	126.7725000245777	0	0
37.23409667617642	126.7724888014259	0	0
37.23409641056226	126.7724774202387	0	0
37.23409612775653	126.7724660160143	0	0
37.23409584544408	126.7724548542746	0	0
37.23409555354126	126.7724435225635	0	0
37.23409525152318	126.772432304093	0	0
37.2340949343041	126.7724209883475	0	0
37.23409461509213	126.7724094833891	0	0
37.23409430454278	126.772398318297	0	0
37.2340939906984	126.7723871086615	0	0
37.23409366876083	126.7723758319872	0	0
37.23409334066335	126.7723645863705	0	0
37.23409301048169	126.7723534103434	0	0
37.23409267659857	126.7723422505323	0	0
37.23409234142755	126.7723308687513	0	0
37.23409201065134	126.7723194578467	0	0
37.23409168061213	126.7723079852708	0	0
37.23409136245974	126.7722968224621	0	0
37.23409104447737	126.7722854938184	0	0
37.23409073387212	126.7722742306035	0	0
37.23409042598984	126.7722628509934	0	0
37.2340901245043	126.7722515354013	0	0
37.23408982973591	126.7722402640912	0	0
37.23408954131501	126.7722289330283	0	0
37.23408925946894	126.7722176382253	0	0
37.23408898131574	126.7722062671321	0	0
37.23408871089937	126.7721949369874	0	0
37.23408844500126	126.7721835625957	0	0
37.23408818571139	126.7721722784901	0	0
37.23408792873376	126.772160901683	0	0
37.23408767576241	126.7721495308148	0	0
37.23408741929229	126.7721380564227	0	0
37.23408716832319	126.7721268544606	0	0
37.23408691012467	126.7721153775642	0	0
37.23408665374536	126.7721040979924	0	0
37.23408639442955	126.7720928208641	0	0
37.23408613346332	126.7720815631804	0	0
37.2340858659627	126.7720701069587	0	0
37.23408560157036	126.7720588541775	0	0
37.23408533861315	126.7720476604181	0	0
37.23408507404795	126.7720363466529	0	0
37.23408480826264	126.7720249890775	0	0
37.23408454321289	126.772013688275	0	0
37.23408427973825	126.772002483102	0	0
37.23408401289466	126.7719912028831	0	0
37.23408374108769	126.7719798115024	0	0
37.23408347355931	126.7719686450678	0	0
37.23408320299505	126.7719573608055	0	0
37.23408293398285	126.7719461575558	0	0
37.23408266562191	126.7719349437161	0	0
37.23408239968986	126.7719237903233	0	0
37.23408212904229	126.7719124127095	0	0
37.23408185896808	126.7719010275099	0	0
37.23408159061305	126.7718896821202	0	0
37.23408132704238	126.7718785126214	0	0
37.23408106059787	126.7718671920957	0	0
37.23408079706829	126.7718559403076	0	0
37.23408053054299	126.7718445241827	0	0
37.23408026980835	126.7718333320493	0	0
37.23408000763433	126.7718220546993	0	0
37.23407974596558	126.7718108743672	0	0
37.234079482536	126.7717996452946	0	0
37.23407921836381	126.7717883274328	0	0
37.23407895530266	126.7717770342645	0	0
37.23407869500948	126.7717658797728	0	0
37.23407843592147	126.7717547094731	0	0
37.23407817850131	126.7717435324295	0	0
37.23407792104739	126.771732220623	0	0
37.23407766908403	126.7717209936261	0	0
37.23407742004665	126.7717097802776	0	0
37.23407717516741	126.7716986117332	0	0
37.23407693090879	126.771687308342	0	0
37.23407668720905	126.7716760588229	0	0
37.23407645485578	126.7716647486077	0	0
37.23407623043876	126.7716534043375	0	0
37.23407603173406	126.771642219128	0	0
37.23407586232446	126.771630933113	0	0
37.23407570590296	126.7716197787858	0	0
37.23407556366283	126.7716084532345	0	0
37.23407544309008	126.7715972476599	0	0
37.23407535615043	126.7715860436916	0	0
37.2340753216454	126.7715748613584	0	0
37.23407535195985	126.7715636241137	0	0
37.23407548276352	126.7715523228197	0	0
37.23407572942426	126.7715411112306	0	0
37.2340761420745	126.7715298987357	0	0
37.23407674356948	126.7715186407826	0	0
37.23407753955806	126.7715074383194	0	0
37.23407855455064	126.771496331436	0	0
37.23407978806679	126.7714851115973	0	0
37.23408127639335	126.7714740163223	0	0
37.2340830269853	126.7714630214545	0	0
37.23408503897444	126.7714519863932	0	0
37.23408728563618	126.7714410376341	0	0
37.23408975215836	126.7714302999463	0	0
37.23409249556454	126.771419633079	0	0
37.23409553132406	126.7714090122187	0	0
37.23409886703142	126.77139848545	0	0
37.23410246229218	126.7713881930766	0	0
37.2341063863692	126.7713780241462	0	0
37.23411055430671	126.7713681247803	0	0
37.23411501177404	126.7713584105935	0	0
37.2341197313547	126.7713488892181	0	0
37.23412471151134	126.7713396280303	0	0
37.23413001217315	126.7713304972478	0	0
37.23413556406196	126.771321709961	0	0
37.23414138825304	126.7713131484692	0	0
37.23414748723899	126.7713049359368	0	0
37.23415385420638	126.7712970616174	0	0
37.23416050127967	126.7712895360044	0	0
37.2341674190492	126.771282331812	0	0
37.23417463102696	126.7712754508393	0	0
37.23418195389158	126.7712690002337	0	0
37.23418948449171	126.7712629450377	0	0
37.23419725677077	126.7712572078554	0	0
37.2342052359656	126.771251835657	0	0
37.23421331761201	126.7712467953667	0	0
37.23422148230142	126.7712421639858	0	0
37.23422984208863	126.7712378826872	0	0
37.23423822803181	126.771234022015	0	0
37.23424680205998	126.7712304779017	0	0
37.23425540841885	126.7712273401335	0	0
37.23426413308913	126.7712246052686	0	0
37.23427291707402	126.7712222491822	0	0
37.23428183470499	126.7712202987696	0	0
37.2342906768482	126.7712186916886	0	0
37.23429958466466	126.7712174369548	0	0
37.23430857533268	126.7712165004531	0	0
37.23431760914702	126.7712159785684	0	0
37.23432662052127	126.7712156816952	0	0
37.23433567765722	126.7712158563839	0	0
37.23434469262678	126.7712163535392	0	0
37.23435364121652	126.7712173204835	0	0
37.23436258245607	126.7712187030889	0	0
37.23437147768785	126.7712204630083	0	0
37.23438037082335	126.7712225942443	0	0
37.23438919878173	126.7712250796048	0	0
37.23439786235773	126.771227856678	0	0
37.23440649673128	126.7712310050951	0	0
37.23441500386961	126.771234433287	0	0
37.23442346429848	126.7712382553878	0	0
37.23443185752306	126.7712425061763	0	0
37.23444001501304	126.7712470567207	0	0
37.23444811928974	126.7712520233578	0	0
37.23445605649224	126.7712573003162	0	0
37.23446383896485	126.7712629281192	0	0
37.23447145340512	126.7712688952975	0	0
37.23447893950618	126.7712750811294	0	0
37.23448622891702	126.7712815245238	0	0
37.23449341648595	126.7712881826058	0	0
37.23450047459086	126.7712950252369	0	0
37.23450748552412	126.7713020978918	0	0
37.23451432695584	126.7713093031366	0	0
37.23452107341589	126.7713167755336	0	0
37.23452763776955	126.7713243824444	0	0
37.23453404953954	126.7713321618972	0	0
37.23454032825698	126.7713401870682	0	0
37.23454650463825	126.771348463936	0	0
37.23455241361879	126.7713568324427	0	0
37.23455817999224	126.7713653674687	0	0
37.23456386106579	126.7713741428931	0	0
37.23456940799153	126.7713829434893	0	0
37.23457485792571	126.7713918476998	0	0
37.23458018955001	126.7714008053813	0	0
37.23458545373001	126.7714098138548	0	0
37.23459069789299	126.7714189959098	0	0
37.23459590570647	126.7714282885525	0	0
37.23460097982282	126.7714374718752	0	0
37.23460602926173	126.7714467333023	0	0
37.23461109731919	126.7714561133912	0	0
37.23461613470634	126.7714655162861	0	0
37.23462115582924	126.7714749641519	0	0
37.23462607596563	126.7714843003422	0	0
37.23463099746945	126.7714936989785	0	0
37.23463583425909	126.7715031033343	0	0
37.234640630417	126.7715126344226	0	0
37.23464531804162	126.771522130634	0	0
37.23464992050543	126.7715316884342	0	0
37.23465446410606	126.7715413889884	0	0
37.2346588985466	126.7715511085083	0	0
37.23466330152367	126.771561046326	0	0
37.23466760655503	126.7715710514035	0	0
37.23467177245942	126.7715810883051	0	0
37.23467581047817	126.7715911862649	0	0
37.23467967806888	126.7716012415876	0	0
37.23468341688898	126.7716113905409	0	0
37.23468704549391	126.7716216188377	0	0
37.23469061662132	126.7716320716922	0	0
37.23469401413039	126.7716424582321	0	0
37.23469731579542	126.7716528679702	0	0
37.23470053772102	126.7716634162907	0	0
37.23470361427814	126.7716739289331	0	0
37.23470668754494	126.7716847334814	0	0
37.23470964113675	126.771695489002	0	0
37.23471243287769	126.7717061348084	0	0
37.23471515194435	126.7717169672373	0	0
37.23471774068734	126.7717277208487	0	0
37.23472022802001	126.7717384641536	0	0
37.23472266301698	126.7717493843904	0	0
37.23472500005919	126.7717602895728	0	0
37.2347272266522	126.7717711051374	0	0
37.23472937164987	126.7717820434151	0	0
37.23473143236001	126.7717930124037	0	0
37.2347334255908	126.77180402314	0	0
37.23473531380445	126.7718149407419	0	0
37.23473714965375	126.7718260621521	0	0
37.23473885928925	126.7718370817637	0	0
37.23474047632985	126.771848265167	0	0
37.23474197835912	126.7718593799617	0	0
37.2347434076385	126.7718706024685	0	0
37.23474469429549	126.7718816468531	0	0
37.23474589270051	126.7718928622141	0	0
37.23474696696962	126.7719040606035	0	0
37.23474790528829	126.7719152873623	0	0
37.23474868410607	126.7719264978324	0	0
37.23474932519128	126.7719379000369	0	0
37.23474985650012	126.7719490470117	0	0
37.23475016796652	126.7719604255452	0	0
37.23475036658161	126.7719717359022	0	0
37.23475053600855	126.7719829281622	0	0
37.23475051888594	126.771994116252	0	0
37.2347504028185	126.7720053464773	0	0
37.23475018946257	126.7720165009945	0	0
37.2347498744405	126.7720277158989	0	0
37.23474942054767	126.7720390819197	0	0
37.23474889847224	126.7720503414902	0	0
37.23474831906756	126.7720614782076	0	0
37.23474763801832	126.7720726576203	0	0
37.23474685601278	126.7720838142299	0	0
37.23474598067553	126.7720949498901	0	0
37.23474503968898	126.772106325093	0	0
37.23474403747722	126.7721175148568	0	0
37.23474291728343	126.7721286281718	0	0
37.23474168514539	126.7721397707562	0	0
37.23474035770229	126.7721508866944	0	0
37.23473889404148	126.772162107613	0	0
37.23473730735287	126.7721731426896	0	0
37.23473557853174	126.7721841666173	0	0
37.23473368375939	126.7721953051445	0	0
37.23473169112704	126.77220634801	0	0
37.23472956905078	126.7722172707048	0	0
37.23472725827379	126.7722283468803	0	0
37.23472481858806	126.7722393791715	0	0
37.23472235882652	126.7722501717603	0	0
37.23471981519219	126.7722608749852	0	0
37.23471712164311	126.7722716929975	0	0
37.23471434710484	126.772282467462	0	0
37.23471151905211	126.7722931322033	0	0
37.2347085826835	126.772303890242	0	0
37.2347056090619	126.7723144560334	0	0
37.23470255126687	126.7723250751918	0	0
37.2346994639205	126.7723355611912	0	0
37.23469630196853	126.7723461623392	0	0
37.23469312862077	126.7723566478537	0	0
37.23468995206531	126.7723671196956	0	0
37.23468675003144	126.7723776839909	0	0
37.23468358279978	126.7723882089306	0	0
37.23468043171393	126.7723988215748	0	0
37.23467731979083	126.7724094257172	0	0
37.23467423775538	126.7724200715147	0	0
37.23467121426509	126.7724307081783	0	0
37.23466828066196	126.7724413290511	0	0
37.23466543024089	126.7724519167683	0	0
37.23466263456854	126.7724626631178	0	0
37.23465992755875	126.7724734434898	0	0
37.23465733392829	126.7724841499941	0	0
37.23465479559613	126.7724949954906	0	0
37.23465238349175	126.7725057649278	0	0
37.23465005218718	126.7725166423685	0	0
37.23464783594846	126.7725275875992	0	0
37.23464572505629	126.7725385745094	0	0
37.23464375074808	126.7725495097239	0	0
37.23464188893266	126.7725605194222	0	0
37.23464019418056	126.7725716541327	0	0
37.23463866648517	126.7725827573943	0	0
37.23463729672385	126.7725938103208	0	0
37.23463609020605	126.7726049744544	0	0
37.23463509682878	126.7726161047235	0	0
37.23463425927842	126.7726274462055	0	0
37.23463357447999	126.7726385972113	0	0
37.23463304709906	126.772649842501	0	0
37.23463271100544	126.7726610781816	0	0
37.23463247586505	126.7726724933458	0	0
37.23463241648549	126.7726838387847	0	0
37.23463256081701	126.7726952299264	0	0
37.23463273601806	126.7727064611202	0	0
37.23463299214036	126.7727177011647	0	0
37.23463342598759	126.7727289923943	0	0
37.23463393911212	126.7727402497276	0	0
37.23463455438205	126.7727515206726	0	0
37.23463530327187	126.7727628408538	0	0
37.23463619246318	126.7727742686057	0	0
37.23463716174457	126.7727854028034	0	0
37.23463831898444	126.7727965767751	0	0
37.2346396431036	126.7728076859522	0	0
37.23464109360457	126.7728187110967	0	0
37.23464270675404	126.7728296953481	0	0
37.23464447331497	126.7728407473216	0	0
37.23464638542126	126.7728517509213	0	0
37.23464847717314	126.7728627366635	0	0
37.23465068394068	126.7728737128281	0	0
37.23465299855318	126.7728847374245	0	0
37.2346554401563	126.7728954848167	0	0
37.23465806937114	126.7729061927278	0	0
37.23466091636316	126.7729171050545	0	0
37.23466383998332	126.7729279571469	0	0
37.23466684470814	126.7729385366872	0	0
37.23467001759244	126.7729490570145	0	0
37.2346733115443	126.7729594743226	0	0
37.23467677833042	126.7729699992467	0	0
37.2346803298602	126.7729802712003	0	0
37.23468406100709	126.7729905892271	0	0
37.2346879135273	126.7730008712344	0	0
37.2346918192675	126.7730109497899	0	0
37.23469585467346	126.7730210746629	0	0
37.23469994222155	126.7730311166456	0	0
37.23470407865705	126.7730411345532	0	0
37.23470828748166	126.7730511466769	0	0
37.23471252222616	126.7730610998225	0	0
37.2347167468866	126.7730709373232	0	0
37.23472098826232	126.7730807604204	0	0
37.23472532618942	126.7730907445677	0	0
37.23472959601101	126.7731005619842	0	0
37.23473391599901	126.7731105065996	0	0
37.234738213915	126.7731204286864	0	0
37.23474246024151	126.7731303126526	0	0
37.23474669577516	126.7731402376502	0	0
37.23475090326605	126.7731502228289	0	0
37.23475501978551	126.7731601716098	0	0
37.23475908048441	126.7731702798999	0	0
37.23476316276356	126.7731806105427	0	0
37.2347670619094	126.77319067893	0	0
37.23477085630389	126.7732008691493	0	0
37.23477455879868	126.7732113277975	0	0
37.23477806527467	126.7732215984118	0	0
37.23478161252297	126.7732322493244	0	0
37.2347849864157	126.7732428700529	0	0
37.23478817949535	126.7732534171623	0	0
37.23479127644862	126.7732640652998	0	0
37.2347942718664	126.7732747375255	0	0
37.23479714147629	126.773285426706	0	0
37.2347999017941	126.7732961467226	0	0
37.23480258531276	126.7733071409081	0	0
37.23480509979175	126.7733179763334	0	0
37.23480757263452	126.7733289561581	0	0
37.23480990433375	126.7733398089699	0	0
37.23481210725411	126.7733506475029	0	0
37.23481416849872	126.7733615121407	0	0
37.23481617240024	126.7733726656487	0	0
37.23481800282214	126.7733836124971	0	0
37.23481971141919	126.7733947471193	0	0
37.23482126738616	126.7734059121194	0	0
37.23482268284278	126.7734170140976	0	0
37.23482396413441	126.7734281471265	0	0
37.23482511549794	126.7734393542163	0	0
37.23482616307027	126.7734505621037	0	0
37.23482707251785	126.7734616794378	0	0
37.23482788636985	126.7734728923432	0	0
37.23482858228517	126.7734841819674	0	0
37.23482920618582	126.7734953904006	0	0
37.23482970384372	126.7735065852012	0	0
37.23483009563135	126.7735180549211	0	0
37.23483043535537	126.7735293119829	0	0
37.23483069653169	126.7735405716872	0	0
37.23483083359994	126.7735519241888	0	0
37.23483088839432	126.7735630967168	0	0
37.23483085155363	126.773574467367	0	0
37.23483070399671	126.7735857839668	0	0
37.23483047112524	126.7735971206393	0	0
37.23483011559194	126.773608396391	0	0
37.23482961501173	126.7736196466131	0	0
37.23482899555752	126.7736311453821	0	0
37.23482830000854	126.7736424730693	0	0
37.23482746755608	126.7736537692442	0	0
37.23482649994742	126.7736648665584	0	0
37.23482540366011	126.773676032807	0	0
37.23482419650235	126.7736872081796	0	0
37.23482288249795	126.7736983277797	0	0
37.23482141498126	126.7737094419496	0	0
37.23481979597245	126.7737206454937	0	0
37.23481805601931	126.7737317359637	0	0
37.23481623909507	126.7737426706154	0	0
37.2348142888048	126.7737536660496	0	0
37.23481220058054	126.7737646248592	0	0
37.23480996032538	126.7737757052714	0	0
37.23480760556141	126.7737866904859	0	0
37.23480515568195	126.7737975222607	0	0
37.23480251856431	126.7738084710744	0	0
37.2347997655168	126.7738193436192	0	0
37.23479694324789	126.773830036609	0	0
37.23479396680877	126.7738407497966	0	0
37.2347908610607	126.7738514682388	0	0
37.23478767088709	126.77386210436	0	0
37.23478442374957	126.7738725383693	0	0
37.23478102671813	126.773883074365	0	0
37.23477760882317	126.7738933934296	0	0
37.23477405036613	126.773903809777	0	0
37.23477044785824	126.7739140588728	0	0
37.2347667684946	126.773924249268	0	0
37.23476297951379	126.7739344228364	0	0
37.23475908868794	126.7739445142449	0	0
37.23475510519361	126.7739545671626	0	0
37.2347510184169	126.7739646461474	0	0
37.23474679595787	126.7739747353932	0	0
37.23474247405152	126.7739847555577	0	0
37.23473814662265	126.7739945332103	0	0
37.2347336588947	126.7740044198497	0	0
37.23472906015459	126.7740142882543	0	0
37.23472439536101	126.7740240149048	0	0
37.23471964508836	126.774033598476	0	0
37.23471477310706	126.774043092392	0	0
37.2347098228855	126.7740524433757	0	0
37.23470475131432	126.7740617521262	0	0
37.23469958347744	126.7740709464883	0	0
37.23469428988193	126.774080073053	0	0
37.23468892444284	126.7740890725369	0	0
37.23468343939614	126.7740980499701	0	0
37.23467789243192	126.7741068813114	0	0
37.23467224376733	126.7741156119565	0	0
37.23466646050444	126.7741242569276	0	0
37.23466049174773	126.7741328858662	0	0
37.23465444650918	126.7741414126034	0	0
37.23464836371087	126.7741497796952	0	0
37.23464218700031	126.7741580279617	0	0
37.23463589015262	126.7741661812147	0	0
37.23462950213538	126.7741742302558	0	0
37.2346230854356	126.7741821360048	0	0
37.23461655214108	126.7741899895303	0	0
37.23461001312695	126.7741976860899	0	0
37.23460340371201	126.7742053212616	0	0
37.23459673344215	126.774212875773	0	0
37.23458997891375	126.7742203865316	0	0
37.23458318924491	126.7742278022439	0	0
37.23457638348971	126.7742351186839	0	0
37.23456947994246	126.7742424391962	0	0
37.23456261782782	126.774249610328	0	0
37.23455561038542	126.7742568285032	0	0
37.23454867529478	126.7742638717228	0	0
37.23454167663513	126.7742708836126	0	0
37.23453456904606	126.7742779007113	0	0
37.2345275009729	126.7742848086802	0	0
37.23452034020768	126.7742917479399	0	0
37.23451312616022	126.774298665593	0	0
37.23450590321089	126.7743055451549	0	0
37.23449863354533	126.7743124384395	0	0
37.23449141812432	126.7743192542634	0	0
37.23448418892909	126.7743260638685	0	0
37.23447691991576	126.7743328882494	0	0
37.23446971506257	126.7743396452523	0	0
37.23446242612938	126.7743464734203	0	0
37.23445513033872	126.7743533025474	0	0
37.23444790961154	126.7743600602919	0	0
37.23444075896617	126.7743667536217	0	0
37.2344336107375	126.7743734445259	0	0
37.23442629009036	126.7743802994234	0	0
37.23441911787206	126.7743870171091	0	0
37.23441187400589	126.7743938048497	0	0
37.23440465648507	126.7744005718403	0	0
37.23439739182593	126.7744073866483	0	0
37.234390119526	126.7744142137154	0	0
37.23438296797063	126.7744209324332	0	0
37.23437577626163	126.7744276936414	0	0
37.23436859921541	126.7744344456072	0	0
37.23436142654658	126.7744411978165	0	0
37.23435419483074	126.7744480103076	0	0
37.23434705179989	126.7744547429412	0	0
37.23433985630164	126.7744615276323	0	0
37.23433267205697	126.7744683050386	0	0
37.2343255006361	126.7744750709363	0	0
37.23431831012805	126.7744818551797	0	0
37.23431104231704	126.7744887106644	0	0
37.2343038649044	126.7744954798428	0	0
37.23429673521905	126.7745022003905	0	0
37.23428949817021	126.7745090131527	0	0
37.23428228762793	126.7745157934202	0	0
37.23427512744017	126.7745225179627	0	0
37.23426789228735	126.7745293023592	0	0
37.23426070816983	126.7745360243739	0	0
37.23425354593485	126.7745427175797	0	0
37.23424634536105	126.7745494404986	0	0
37.23423916302309	126.7745561425721	0	0
37.23423193477685	126.7745628882453	0	0
37.23422476170079	126.7745695751414	0	0
37.23421757219489	126.7745762653058	0	0
37.23421026781318	126.7745830257948	0	0
37.23420298861621	126.774589737777	0	0
37.23419569174236	126.7745964478498	0	0
37.2341884550459	126.7746030991602	0	0
37.2341812431156	126.7746097354788	0	0
37.23417404658333	126.7746163708418	0	0
37.23416683128962	126.7746230398476	0	0
37.23415965285511	126.7746296794669	0	0
37.23415237625529	126.7746364303671	0	0
37.23414519154518	126.7746431278047	0	0
37.2341380360981	126.7746498273636	0	0
37.23413085847974	126.7746565830391	0	0
37.23412371875862	126.7746633399093	0	0
37.23411657154827	126.7746701376149	0	0
37.23410935277288	126.7746770095504	0	0
37.23410225928737	126.7746837871405	0	0
37.23409514291281	126.7746905805559	0	0
37.2340881440958	126.774697542376	0	0
37.23408120731986	126.7747047979737	0	0
37.23407451790514	126.7747122446823	0	0
37.23406800238137	126.7747198961143	0	0
37.23406160069051	126.774727800579	0	0
37.23405528377298	126.7747360018775	0	0
37.23404920970243	126.7747442022373	0	0
37.23404321045552	126.7747525985197	0	0
37.23403734406442	126.7747611851637	0	0
37.23403172087093	126.7747698758631	0	0
37.23402631862212	126.7747788276526	0	0
37.23402107213047	126.7747880662252	0	0
37.2340160374374	126.7747974511699	0	0
37.23401126800073	126.7748069966324	0	0
37.23400670362317	126.774816779999	0	0
37.23400241840921	126.7748265775706	0	0
37.23399829681091	126.7748366466111	0	0
37.23399442068108	126.7748467940594	0	0
37.23399073812364	126.7748571039508	0	0
37.23398730058976	126.774867430213	0	0
37.23398407798283	126.7748778616867	0	0
37.23398102593052	126.7748885072254	0	0
37.2339782110805	126.774899213733	0	0
37.23397563364497	126.7749099314983	0	0
37.23397321408795	126.7749208291342	0	0
37.23397099720348	126.7749316783596	0	0
37.23396899191111	126.7749426953713	0	0
37.23396721604119	126.7749537527356	0	0
37.23396563308995	126.7749647463595	0	0
37.2339642389999	126.7749758152801	0	0
37.23396306761452	126.7749870562953	0	0
37.23396212996692	126.7749981902541	0	0
37.2339614605506	126.7750094317441	0	0
37.23396102403184	126.7750206268155	0	0
37.23396085200648	126.7750319430984	0	0
37.23396097156868	126.7750431337853	0	0
37.23396131223425	126.775054415159	0	0
37.23396188713106	126.7750656451132	0	0
37.23396276206268	126.775076776679	0	0
37.23396387624285	126.7750878455356	0	0
37.23396527854428	126.7750988790102	0	0
37.23396698032073	126.7751100163375	0	0
37.23396893254841	126.7751211538139	0	0
37.23397106211142	126.7751321493715	0	0
37.23397349127756	126.7751429829641	0	0
37.23397616044446	126.7751536312667	0	0
37.23397908426411	126.7751642338254	0	0
37.23398225176407	126.7751747670823	0	0
37.23398561743395	126.775185106125	0	0
37.23398921868163	126.7751953790025	0	0
37.23399305973572	126.7752055452786	0	0
37.23399709603034	126.7752155240547	0	0
37.23400135912742	126.7752253685793	0	0
37.23400587015865	126.7752350580127	0	0
37.23401057043164	126.7752446511807	0	0
37.23401545268824	126.7752540020916	0	0
37.23402059953263	126.7752633239905	0	0
37.23402588761986	126.7752724629057	0	0
37.23403128411961	126.7752813548493	0	0
37.23403691094837	126.7752902106493	0	0
37.2340426768743	126.7752989174314	0	0
37.23404858699172	126.7753074397615	0	0
37.23405467723714	126.7753158183603	0	0
37.23406084129915	126.7753238966672	0	0
37.23406718177714	126.7753318388837	0	0
37.23407371781129	126.7753396138713	0	0
37.23408043595435	126.7753471923653	0	0
37.23408721851788	126.7753544568227	0	0
37.23409417455821	126.7753615106885	0	0
37.23410133540833	126.7753683292893	0	0
37.23410870836911	126.7753748126346	0	0
37.23411624899735	126.7753809069735	0	0
37.23412393542313	126.7753866454328	0	0
37.23413180037311	126.7753920113882	0	0
37.23413989213937	126.7753970372852	0	0
37.23414806660838	126.775401683199	0	0
37.23415637691507	126.7754059893863	0	0
37.23416476703284	126.7754100064219	0	0
37.23417316859346	126.7754137823647	0	0
37.23418165055029	126.7754172786537	0	0
37.23419030191934	126.7754205701832	0	0
37.23419893464206	126.7754236417465	0	0
37.23420760664072	126.7754264923146	0	0
37.23421640294222	126.7754291677968	0	0
37.23422521647768	126.7754316716609	0	0
37.23423397545307	126.7754340125853	0	0
37.23424272993606	126.7754362224372	0	0
37.23425154397031	126.7754383238668	0	0
37.23426038262093	126.7754402860701	0	0
37.23426933352246	126.7754421389144	0	0
37.23427817826524	126.7754438385165	0	0
37.23428702552106	126.7754454173884	0	0
37.23429588503667	126.7754469063317	0	0
37.23430487689554	126.7754483204076	0	0
37.23431385296919	126.7754496360082	0	0
37.23432286191816	126.7754508815783	0	0
37.23433185305744	126.7754520499346	0	0
37.23434086664611	126.775453146241	0	0
37.23434981122115	126.7754541493895	0	0
37.23435882241894	126.7754550808555	0	0
37.23436787690817	126.7754559194538	0	0
37.23437687948355	126.7754566654901	0	0
37.2343858139464	126.7754573000267	0	0
37.2343947257018	126.7754578360759	0	0
37.23440366536661	126.775458243205	0	0
37.23441270617084	126.7754585408215	0	0
37.23442176312031	126.7754587366821	0	0
37.23443076085211	126.7754587915242	0	0
37.23443991005305	126.7754587588577	0	0
37.23444888059185	126.77545863857	0	0
37.23445782594413	126.7754583532346	0	0
37.23446685140586	126.7754579799276	0	0
37.23447589549862	126.7754574928402	0	0
37.23448480954445	126.7754568974048	0	0
37.23449382941434	126.7754561817465	0	0
37.23450278256701	126.7754553747071	0	0
37.23451167587898	126.7754544548091	0	0
37.23452078460343	126.7754534180531	0	0
37.23452967675885	126.7754523065277	0	0
37.23453866115326	126.7754510412644	0	0
37.23454771924062	126.7754496725418	0	0
37.23455672564397	126.7754482093599	0	0
37.2345656154155	126.7754466648573	0	0
37.23457458264225	126.7754449837266	0	0
37.23458355173181	126.7754431789813	0	0
37.23459240862932	126.7754412574247	0	0
37.23460129431449	126.7754391935849	0	0
37.23461010574661	126.7754370150108	0	0
37.23461883982985	126.7754347187463	0	0
37.23462754963876	126.775432291853	0	0
37.23463628043892	126.7754297102377	0	0
37.23464509397367	126.77542699418	0	0
37.23465376785658	126.7754242011764	0	0
37.23466241106046	126.7754212993392	0	0
37.23467108175731	126.7754182556011	0	0
37.23467973073276	126.7754151019148	0	0
37.23468829195193	126.775411872773	0	0
37.23469682478968	126.7754085314845	0	0
37.23470532022441	126.7754050913451	0	0
37.23471385929738	126.7754015149806	0	0
37.23472236399302	126.7753978539171	0	0
37.23473086332123	126.7753940975946	0	0
37.23473934432364	126.7753902403077	0	0
37.23474785880752	126.7753862574245	0	0
37.23475623186209	126.7753822306416	0	0
37.23476457327565	126.7753781128958	0	0
37.23477295193482	126.7753738629118	0	0
37.23478123435938	126.7753695399469	0	0
37.23478954526394	126.7753650789047	0	0
37.23479780090808	126.775360539342	0	0
37.23480608622435	126.7753558837384	0	0
37.23481427755959	126.7753511541805	0	0
37.2348224170559	126.7753463216756	0	0
37.23483052453324	126.7753413985569	0	0
37.23483867047729	126.7753363563566	0	0
37.2348467281269	126.7753312626351	0	0
37.23485477733573	126.7753260583587	0	0
37.23486267776543	126.7753208405446	0	0
37.23487070512644	126.7753154295819	0	0
37.23487862907103	126.7753099740535	0	0
37.23488651964307	126.7753044282988	0	0
37.23489442604075	126.7752987614465	0	0
37.23490221470111	126.7752930499324	0	0
37.23490997261423	126.775287212931	0	0
37.23491770096103	126.7752812398313	0	0
37.2349252800971	126.7752752150446	0	0
37.2349329702641	126.7752689151604	0	0
37.23494053638156	126.775262583905	0	0
37.23494807188683	126.7752561413117	0	0
37.23495546078829	126.7752496713924	0	0
37.23496286776226	126.7752430339103	0	0
37.23497025026156	126.7752363043812	0	0
37.23497757711733	126.7752294920975	0	0
37.23498477591785	126.7752226457247	0	0
37.23499191523064	126.7752156936574	0	0
37.23499906335316	126.77520859235	0	0
37.23500607362558	126.775201463474	0	0
37.23501303084578	126.7751942079485	0	0
37.23501996147413	126.7751867968608	0	0
37.23502676424931	126.7751793437615	0	0
37.23503352627983	126.7751718138224	0	0
37.23504028763767	126.7751641524727	0	0
37.23504690394179	126.7751564941318	0	0
37.235053451756	126.7751487524549	0	0
37.23505996233774	126.7751409235875	0	0
37.23506641910611	126.7751330230339	0	0
37.23507289209095	126.7751249770898	0	0
37.23507922019593	126.7751169808906	0	0
37.23508555017411	126.7751088508645	0	0
37.23509186385149	126.7751006417552	0	0
37.23509801884091	126.7750925403225	0	0
37.23510419174325	126.7750843037685	0	0
37.23511030295407	126.7750760024227	0	0
37.23511644361503	126.7750675139896	0	0
37.23512242745587	126.7750591179198	0	0
37.23512842711503	126.7750506409879	0	0
37.23513446088989	126.7750420392995	0	0
37.23514036319771	126.7750333494039	0	0
37.23514601780376	126.7750246556336	0	0
37.23515152266336	126.7750157626448	0	0
37.23515675515824	126.7750063861593	0	0
37.2351615899797	126.7749968269561	0	0
37.2351662311556	126.7749869873024	0	0
37.23517067921445	126.774976923103	0	0
37.23517478809364	126.7749669762898	0	0
37.2351788234898	126.7749568455029	0	0
37.23518279257738	126.7749466558071	0	0
37.23518662212894	126.7749364869596	0	0
37.23519038969512	126.7749263488393	0	0
37.23519426837052	126.7749159399344	0	0
37.235198032539	126.7749058057844	0	0
37.23520187235462	126.7748955163154	0	0
37.23520573750265	126.7748852731226	0	0
37.23520957812071	126.7748751696929	0	0
37.23521343610368	126.7748650647648	0	0
37.23521732248182	126.7748548821552	0	0
37.23522119758049	126.7748448104702	0	0
37.23522518477358	126.7748346615808	0	0
37.23522920758934	126.7748246322982	0	0
37.23523329240617	126.7748146464657	0	0
37.23523747000323	126.7748046430129	0	0
37.23524170465172	126.7747947088597	0	0
37.23524595118521	126.7747848421007	0	0
37.23525027929168	126.7747748961685	0	0
37.2352546849511	126.7747648496021	0	0
37.23525908810152	126.7747548229225	0	0
37.2352634877387	126.7747448230467	0	0
37.23526784956613	126.7747349199978	0	0
37.23527220260999	126.774725000504	0	0
37.23527651110765	126.7747151600705	0	0
37.23528084196325	126.7747052334354	0	0
37.23528510819996	126.7746954089652	0	0
37.23528938702325	126.7746855245191	0	0
37.23529369292399	126.7746754915898	0	0
37.23529796042087	126.774665424672	0	0
37.23530211515971	126.7746554977146	0	0
37.23530626447315	126.7746453946265	0	0
37.23531039740102	126.7746351590841	0	0
37.23531437754948	126.7746251454559	0	0
37.2353183580507	126.774614915238	0	0
37.23532229167573	126.7746046020476	0	0
37.23532610866085	126.7745943377162	0	0
37.23532979725474	126.7745841263091	0	0
37.23533344399545	126.7745737461262	0	0
37.23533697692347	126.7745634810307	0	0
37.23534045421048	126.7745530937454	0	0
37.23534384569161	126.7745426193253	0	0
37.23534714296144	126.7745320997867	0	0
37.2353504269824	126.7745213257619	0	0
37.23535356279778	126.7745108543704	0	0
37.23535672947069	126.7745000779115	0	0
37.23535979720024	126.7744893346481	0	0
37.2353627445261	126.7744787448133	0	0
37.23536564427634	126.774468095093	0	0
37.235368543926	126.7744572134589	0	0
37.23537137314561	126.77444639651	0	0
37.23537413848714	126.774435667117	0	0
37.23537684573478	126.7744249990901	0	0
37.23537955909264	126.77441412781	0	0
37.23538218987728	126.7744034190841	0	0
37.23538479560798	126.7743926496585	0	0
37.23538735635187	126.7743818762599	0	0
37.23538988582512	126.7743710168813	0	0
37.23539235185606	126.7743602409149	0	0
37.23539476924553	126.7743494154894	0	0
37.23539712491858	126.774338544941	0	0
37.23539944313301	126.7743275458293	0	0
37.23540169036739	126.774316525021	0	0
37.23540386410293	126.7743055520378	0	0
37.23540596094348	126.7742946168784	0	0
37.23540799279854	126.7742835605211	0	0
37.23540992344401	126.7742726082161	0	0
37.23541179021403	126.7742615887855	0	0
37.2354136042396	126.7742503905089	0	0
37.23541532415417	126.7742393044222	0	0
37.23541699711996	126.7742280602409	0	0
37.23541856973716	126.7742169027754	0	0
37.23542004679712	126.774205813821	0	0
37.23542144769284	126.7741946587731	0	0
37.23542278664851	126.7741834042596	0	0
37.23542409552463	126.7741719657384	0	0
37.23542530774163	126.7741608757715	0	0
37.23542647337838	126.7741495287004	0	0
37.23542757493136	126.7741382401768	0	0
37.23542861207615	126.7741269610086	0	0
37.23542958371065	126.7741157967278	0	0
37.23543049567547	126.7741045454387	0	0
37.23543135214429	126.77409320871	0	0
37.23543214182888	126.7740820649965	0	0
37.23543289340692	126.7740708069021	0	0
37.23543359125512	126.7740595753716	0	0
37.23543424617226	126.7740483078707	0	0
37.2354348545136	126.7740370518876	0	0
37.23543542288268	126.7740258127077	0	0
37.23543596505205	126.7740143941924	0	0
37.23543644134951	126.7740032254841	0	0
37.23543686365844	126.773991862092	0	0
37.23543722386828	126.7739806388109	0	0
37.23543751505851	126.7739693934659	0	0
37.23543776450874	126.7739578912732	0	0
37.23543795869611	126.7739467222997	0	0
37.23543808545824	126.7739353346308	0	0
37.23543816408161	126.7739239782688	0	0
37.23543819036905	126.7739126563882	0	0
37.23543814863242	126.7739013493023	0	0
37.23543807348522	126.7738899215754	0	0
37.23543796264546	126.7738787341575	0	0
37.23543780191209	126.7738674526479	0	0
37.23543762068651	126.7738560892183	0	0
37.23543740691542	126.7738448688248	0	0
37.23543716180147	126.7738334792917	0	0
37.2354369097179	126.7738222374004	0	0
37.23543665009539	126.7738107526321	0	0
37.23543638615863	126.7737994053863	0	0
37.23543611405208	126.7737879514881	0	0
37.23543585105404	126.7737766595222	0	0
37.23543559492762	126.7737654434891	0	0
37.23543534322122	126.7737542523822	0	0
37.23543509257863	126.7737429712383	0	0
37.23543484658231	126.7737317687508	0	0
37.23543460190665	126.7737204228589	0	0
37.23543436151077	126.7737090032365	0	0
37.23543412817087	126.773697784241	0	0
37.2354338912979	126.7736864328942	0	0
37.23543365682576	126.7736752682396	0	0
37.23543341488098	126.7736638786937	0	0
37.23543316430521	126.7736523973819	0	0
37.2354329076983	126.7736409171533	0	0
37.23543265486806	126.7736297498717	0	0
37.23543239823267	126.7736185527553	0	0
37.23543213417077	126.7736072223996	0	0
37.23543186846092	126.7735960219524	0	0
37.23543159719055	126.7735847748729	0	0
37.23543132045069	126.7735735354162	0	0
37.23543103819081	126.7735623235011	0	0
37.23543074158536	126.7735508744374	0	0
37.23543044581884	126.7735396770382	0	0
37.235430146844	126.7735285195808	0	0
37.2354298419864	126.7735173539484	0	0
37.23542952734741	126.7735060860991	0	0
37.23542920582915	126.7734947352109	0	0
37.23542887547585	126.7734832605071	0	0
37.23542855083898	126.7734720487477	0	0
37.23542822738229	126.7734608923517	0	0
37.23542789851977	126.7734496619969	0	0
37.23542756977292	126.773438263525	0	0
37.23542724736219	126.7734268046163	0	0
37.23542693706674	126.7734154999559	0	0
37.23542664181021	126.7734042384855	0	0
37.23542635963842	126.7733930147925	0	0
37.23542608155185	126.7733816577827	0	0
37.23542581344788	126.7733703473456	0	0
37.23542555926142	126.7733591287399	0	0
37.23542531422851	126.7733479600601	0	0
37.2354250752961	126.7733365955511	0	0
37.23542484418564	126.7733253474213	0	0
37.23542462001167	126.7733141774968	0	0
37.2354243972122	126.7733028274037	0	0
37.23542417626317	126.7732914648252	0	0
37.23542395770372	126.7732801719323	0	0
37.23542373758012	126.7732687577733	0	0
37.23542352031628	126.7732575059124	0	0
37.23542330120144	126.7732462285355	0	0
37.23542308029644	126.7732349306288	0	0
37.23542285658456	126.7732235669453	0	0
37.23542263294515	126.7732122694293	0	0
37.2354224043798	126.7732008135992	0	0
37.23542217400213	126.7731894157506	0	0
37.23542193749759	126.773178031587	0	0
37.23542169345976	126.7731666487166	0	0
37.23542144869288	126.773155457885	0	0
37.23542119722674	126.7731442614347	0	0
37.23542093291707	126.7731327956301	0	0
37.23542065641214	126.7731211171792	0	0
37.23542038698304	126.7731098528877	0	0
37.23542011455419	126.773098571403	0	0
37.23541983823436	126.7730873914978	0	0
37.23541955114815	126.773076144432	0	0
37.23541925817864	126.7730648016637	0	0
37.23541896500436	126.773053595429	0	0
37.23541866905081	126.7730422416949	0	0
37.23541838216533	126.7730310793257	0	0
37.23541809707055	126.773019905853	0	0
37.23541781115072	126.7730085788191	0	0
37.23541752933679	126.7729971963639	0	0
37.23541725093179	126.7729857333181	0	0
37.23541698205349	126.772974501543	0	0
37.23541671811978	126.7729632510765	0	0
37.23541645818016	126.7729519122433	0	0
37.23541620277891	126.7729405720255	0	0
37.23541595255743	126.7729292283539	0	0
37.23541570726604	126.7729178764783	0	0
37.23541546401114	126.7729065178186	0	0
37.23541522301054	126.7728952468329	0	0
37.23541498213002	126.7728839159591	0	0
37.23541473706324	126.772872446238	0	0
37.2354144883567	126.7728610387346	0	0
37.23541423632825	126.7728497170617	0	0
37.23541397786546	126.7728383532989	0	0
37.235413713161	126.772827023303	0	0
37.23541344185931	126.7728156970011	0	0
37.235413159444	126.772804225701	0	0
37.23541287622578	126.7727928919663	0	0
37.23541258849895	126.772781521695	0	0
37.23541229357789	126.7727700986252	0	0
37.23541199856508	126.7727589318905	0	0
37.23541169619691	126.772747617608	0	0
37.23541139727642	126.7727364614593	0	0
37.23541109396325	126.7727252561199	0	0
37.23541079149163	126.7727140562311	0	0
37.2354104933372	126.7727028273256	0	0
37.23541019521895	126.7726914821792	0	0
37.23540990579211	126.7726802499232	0	0
37.23540962052279	126.7726689589761	0	0
37.23540933694612	126.7726575211406	0	0
37.23540906569558	126.7726462722717	0	0
37.23540879806676	126.7726349337877	0	0
37.23540854158124	126.7726237736389	0	0
37.23540829197022	126.7726126029202	0	0
37.23540803955734	126.7726010838901	0	0
37.23540779326897	126.7725897222215	0	0
37.23540754964387	126.7725783739708	0	0
37.23540731089123	126.77256712536	0	0
37.23540706962356	126.7725557887691	0	0
37.23540682283497	126.7725442191651	0	0
37.23540658319762	126.7725330038284	0	0
37.23540633895212	126.7725216116964	0	0
37.23540609458846	126.7725102707115	0	0
37.23540584975805	126.7724989608768	0	0
37.23540560238691	126.7724876181598	0	0
37.2354053564331	126.7724764279935	0	0
37.23540510619564	126.772465131824	0	0
37.23540485513328	126.7724538663953	0	0
37.23540460475307	126.7724427060359	0	0
37.23540434885187	126.7724314208347	0	0
37.23540408961821	126.7724201745229	0	0
37.23540382057742	126.7724087024473	0	0
37.23540355225688	126.7723974224412	0	0
37.23540327673905	126.772385989892	0	0
37.23540300191087	126.7723747744888	0	0
37.23540272241647	126.7723635135117	0	0
37.23540243384171	126.7723520412773	0	0
37.23540214765561	126.7723408166894	0	0
37.23540185254842	126.7723293049008	0	0
37.2354015641188	126.7723180566093	0	0
37.23540127529671	126.7723068293549	0	0
37.23540098353183	126.7722954059236	0	0
37.2354006998933	126.7722842432034	0	0
37.2354004168041	126.7722730181828	0	0
37.23540013308418	126.7722615842876	0	0
37.23539985902616	126.772250354642	0	0
37.23539959097408	126.7722391888984	0	0
37.23539932609908	126.7722279449629	0	0
37.23539906102223	126.772216486709	0	0
37.23539879964888	126.7722051257516	0	0
37.23539854061111	126.7721939194208	0	0
37.23539827723749	126.772182554548	0	0
37.23539800894443	126.7721711551519	0	0
37.23539773022245	126.7721594860106	0	0
37.23539746091142	126.7721482833388	0	0
37.2353971846716	126.7721368658419	0	0
37.23539690971733	126.7721256645899	0	0
37.23539662717807	126.772114376059	0	0
37.23539633962432	126.7721029713428	0	0
37.23539605790612	126.7720917990146	0	0
37.23539577206594	126.7720805497792	0	0
37.2353954830354	126.7720693198535	0	0
37.23539518342194	126.7720578282228	0	0
37.23539488840352	126.7720466284661	0	0
37.23539459040287	126.7720354670525	0	0
37.23539428067523	126.7720241066258	0	0
37.23539396623978	126.7720127383062	0	0
37.23539365239737	126.7720014219037	0	0
37.23539333695037	126.7719901039743	0	0
37.23539302310857	126.771978708518	0	0
37.23539271257327	126.7719673038587	0	0
37.23539241245118	126.7719561377099	0	0
37.23539211200878	126.7719447248077	0	0
37.23539182162069	126.7719334607273	0	0
37.23539153529853	126.7719222172892	0	0
37.23539125211687	126.771910988214	0	0
37.23539096866632	126.7718996381954	0	0
37.23539069197847	126.7718884297343	0	0
37.23539041672387	126.7718771629058	0	0
37.23539014095437	126.7718658032445	0	0
37.23538986951027	126.7718545800951	0	0
37.23538959953531	126.7718434206218	0	0
37.23538932802379	126.7718320945693	0	0
37.2353890647849	126.7718208899769	0	0
37.23538880292742	126.7718095519974	0	0
37.23538854556354	126.7717981278313	0	0
37.23538829728238	126.7717869086903	0	0
37.23538805045598	126.771775569267	0	0
37.23538781325033	126.7717643378225	0	0
37.23538758076519	126.7717530857918	0	0
37.2353873434986	126.7717418422278	0	0
37.23538709991597	126.7717305153416	0	0
37.23538684466817	126.7717191187372	0	0
37.23538656354847	126.7717078439406	0	0
37.23538624218484	126.7716966128222	0	0
37.23538589080797	126.7716853184235	0	0
37.23538548589082	126.7716739213237	0	0
37.2353850504014	126.7716625260213	0	0
37.23538457359228	126.7716510234361	0	0
37.23538406202445	126.7716396297443	0	0
37.23538352777314	126.7716284916636	0	0
37.23538293012847	126.7716172653711	0	0
37.23538225623602	126.7716061052271	0	0
37.23538150449358	126.7715949106839	0	0
37.23538066664528	126.7715836872958	0	0
37.23537976976669	126.771572473263	0	0
37.23537879167387	126.7715612428519	0	0
37.2353777129432	126.7715498033511	0	0
37.23537655140219	126.7715383321308	0	0
37.23537537963514	126.7715270041037	0	0
37.23537503726966	126.7715237261749	0	0
