37.23539443484029	126.7720279017154	0	0
37.23539415097619	126.7720166358181	0	0
37.23539385536152	126.7720053559054	0	0
37.23539355254818	126.7719941269087	0	0
37.23539324046239	126.7719828190042	0	0
37.23539292281485	126.7719716445718	0	0
37.23539260094093	126.7719603965785	0	0
37.23539228102342	126.771949202215	0	0
37.23539196945988	126.7719380148368	0	0
37.23539166716839	126.7719268405742	0	0
37.23539137486846	126.7719156348824	0	0
37.23539108887687	126.7719044538328	0	0
37.23539080733428	126.7718932634964	0	0
37.23539052759004	126.7718819202307	0	0
37.23539025492679	126.7718707093815	0	0
37.23538998288144	126.7718594964631	0	0
37.2353897097433	126.7718481424332	0	0
37.2353894410147	126.7718368578882	0	0
37.2353891791253	126.7718257032354	0	0
37.23538892026427	126.7718144845425	0	0
37.23538866430422	126.7718032514355	0	0
37.23538840713751	126.7717918762469	0	0
37.23538816027134	126.771780666924	0	0
37.23538791589677	126.7717693049621	0	0
37.23538767798059	126.7717579225938	0	0
37.23538745014887	126.7717466851895	0	0
37.23538721651916	126.771735425383	0	0
37.23538696936025	126.7717241263857	0	0
37.23538670398415	126.7717127434014	0	0
37.23538639961	126.771701336865	0	0
37.23538606568075	126.771690056056	0	0
37.23538569388847	126.7716788481787	0	0
37.23538527134868	126.7716676833596	0	0
37.23538482888247	126.7716564636941	0	0
37.23538435098754	126.7716451588953	0	0
37.23538382734152	126.7716338332823	0	0
37.23538325201061	126.7716226386811	0	0
37.23538260930172	126.7716113016524	0	0
37.23538189693981	126.771600129602	0	0
37.23538111675415	126.7715890121609	0	0
37.23538024289248	126.7715777557543	0	0
37.23537929454529	126.7715664741644	0	0
37.23537829437559	126.7715553869583	0	0
37.23537720091898	126.7715441961175	0	0
37.23537606274672	126.7715331032843	0	0
37.23537484338499	126.7715217937426	0	0
37.23537358413944	126.7715107365706	0	0
37.23537222602835	126.7714994980736	0	0
37.23537078862948	126.7714882773563	0	0
37.23536929838003	126.7714772662599	0	0
37.23536771344966	126.7714662135162	0	0
37.23536604688191	126.7714550594837	0	0
37.23536432277986	126.7714439406323	0	0
37.23536250145012	126.7714327780296	0	0
37.23536059633523	126.771421757417	0	0
37.23535856424832	126.7714106322866	0	0
37.23535643085813	126.7713995963626	0	0
37.23535417777606	126.7713886218444	0	0
37.23535184895427	126.7713778488797	0	0
37.23534935640028	126.7713669212977	0	0
37.23534674469595	126.7713560054855	0	0
37.23534404311452	126.771345189427	0	0
37.23534123678392	126.7713344476498	0	0
37.23533832265358	126.7713237559972	0	0
37.23533527111726	126.7713130424775	0	0
37.23533213399698	126.771302416267	0	0
37.23532892398928	126.7712919385313	0	0
37.23532563454958	126.771281566551	0	0
37.23532218710769	126.7712710424918	0	0
37.23531871151001	126.7712606743368	0	0
37.23531518811897	126.7712504071061	0	0
37.23531156746979	126.7712401252245	0	0
37.23530788887251	126.7712299619864	0	0
37.23530404530426	126.7712196263778	0	0
37.23530013951599	126.7712093678725	0	0
37.23529619813891	126.7711992544963	0	0
37.23529215303348	126.7711890966655	0	0
37.23528811625626	126.7711791333452	0	0
37.23528397384731	126.7711690952123	0	0
37.23527976572974	126.7711591197815	0	0
37.23527551121052	126.771149258682	0	0
37.23527118883246	126.7711394492133	0	0
37.23526672099985	126.7711295336786	0	0
37.23526218532839	126.7711196883979	0	0
37.23525762324399	126.771110039954	0	0
37.23525296417679	126.7711004512301	0	0
37.23524812956047	126.7710908308114	0	0
37.23524319331759	126.7710813154458	0	0
37.23523822560124	126.7710719841184	0	0
37.23523307179604	126.7710626062685	0	0
37.23522784930748	126.7710533987082	0	0
37.23522245976812	126.7710441747875	0	0
37.23521699639378	126.7710350958271	0	0
37.23521148370067	126.7710261947537	0	0
37.23520582497996	126.7710173283377	0	0
37.23520004104535	126.7710085200968	0	0
37.23519420506324	126.7709998621246	0	0
37.23518834686648	126.7709914061748	0	0
37.23518242508469	126.7709830463165	0	0
37.23517631705985	126.7709746116664	0	0
37.2351701412824	126.7709662620545	0	0
37.23516397815966	126.7709581293142	0	0
37.23515770609655	126.7709500248774	0	0
37.23515139386203	126.7709419920085	0	0
37.23514504901341	126.7709340492865	0	0
37.23513857487488	126.7709260697474	0	0
37.23513208025906	126.7709181785104	0	0
37.23512560112385	126.770910438019	0	0
37.23511893844788	126.7709026212413	0	0
37.23511230747881	126.7708949814925	0	0
37.2351055562594	126.7708873691769	0	0
37.23509883970846	126.7708799524991	0	0
37.23509193916195	126.7708725116281	0	0
37.23508506422684	126.7708652830123	0	0
37.23507807505447	126.7708581103568	0	0
37.23507102844442	126.7708510434731	0	0
37.23506386240526	126.7708440177512	0	0
37.2350567029224	126.7708371409571	0	0
37.23504955610688	126.7708304206747	0	0
37.23504224751095	126.7708236864195	0	0
37.23503490435937	126.7708170331543	0	0
37.23502758023896	126.7708105235978	0	0
37.23502009777153	126.7708040242493	0	0
37.23501258539117	126.7707976425115	0	0
37.2350050295269	126.7707913585966	0	0
37.23499753804073	126.7707852675376	0	0
37.23498986884773	126.7707791760542	0	0
37.23498228394149	126.7707732821215	0	0
37.23497457825392	126.7707674233887	0	0
37.23496684612699	126.7707616842673	0	0
37.23495898653182	126.7707559903471	0	0
37.23495104627861	126.7707503751475	0	0
37.23494319366045	126.770744969397	0	0
37.23493517196322	126.7707395898871	0	0
37.23492707621556	126.7707343212985	0	0
37.23491902710742	126.7707292353074	0	0
37.23491090053262	126.7707242511714	0	0
37.23490272753466	126.7707193918273	0	0
37.23489449446144	126.7707146442618	0	0
37.23488630666674	126.7707100655701	0	0
37.23487807127783	126.7707055928512	0	0
37.23486980648769	126.7707012406912	0	0
37.23486140200766	126.7706969713786	0	0
37.23485299150587	126.7706928464147	0	0
37.23484452632196	126.7706888269986	0	0
37.23483605589712	126.7706849260045	0	0
37.2348274897254	126.7706811012847	0	0
37.23481892360123	126.770677398368	0	0
37.23481027549304	126.7706737762174	0	0
37.23480158824364	126.7706702858102	0	0
37.23479285978251	126.7706669262335	0	0
37.23478425869861	126.7706637477484	0	0
37.23477566523863	126.7706606952092	0	0
37.23476688880314	126.7706576967605	0	0
37.23475817656323	126.7706548333959	0	0
37.2347494211928	126.7706520610023	0	0
37.23474071719362	126.7706494136401	0	0
37.23473195785189	126.7706468652629	0	0
37.23472316845059	126.7706444118964	0	0
37.23471432108077	126.7706420686296	0	0
37.23470544266785	126.7706398478053	0	0
37.23469646894609	126.7706377198963	0	0
37.23468765970399	126.7706357346052	0	0
37.2346786884244	126.770633810807	0	0
37.23466969925337	126.7706319723396	0	0
37.23466077875175	126.7706302292724	0	0
37.23465191907649	126.7706285875923	0	0
37.23464302078996	126.7706270631744	0	0
37.23463410187135	126.7706256324775	0	0
37.23462507691036	126.7706242989503	0	0
37.23461610738232	126.7706231180519	0	0
37.23460720866704	126.7706220573022	0	0
37.23459828941176	126.770621121875	0	0
37.23458938564195	126.7706203002478	0	0
37.2345802802878	126.7706195609997	0	0
37.23457117948747	126.7706189332044	0	0
37.2345622049899	126.7706184025659	0	0
37.23455316689825	126.7706179626678	0	0
37.234544206221	126.7706175959817	0	0
37.23453507719891	126.7706172886028	0	0
37.23452603990373	126.7706170725734	0	0
37.2345170079841	126.7706169168004	0	0
37.23450807111723	126.7706168347846	0	0
37.23449914021521	126.7706168430084	0	0
37.23449002631821	126.770616897614	0	0
37.23448096326431	126.7706170162899	0	0
37.23447180671552	126.7706171976642	0	0
37.23446275770313	126.7706173998575	0	0
37.23445377465294	126.770617645371	0	0
37.23444479656037	126.770617922568	0	0
37.23443571603995	126.7706182158961	0	0
37.23442659335831	126.77061852919	0	0
37.23441757872865	126.770618873261	0	0
37.23440862066229	126.7706192277521	0	0
37.23439967379213	126.770619600521	0	0
37.23439066033144	126.7706199932084	0	0
37.23438163121237	126.7706203992915	0	0
37.23437267403807	126.770620818109	0	0
37.23436375395475	126.7706212385289	0	0
37.23435483166526	126.7706216643035	0	0
37.23434572914054	126.7706220977481	0	0
37.23433680882328	126.7706225199349	0	0
37.23432787403311	126.7706229380107	0	0
37.23431894423095	126.7706233471796	0	0
37.23430989477578	126.7706237527786	0	0
37.23430084074544	126.7706241480629	0	0
37.23429182956717	126.7706245330362	0	0
37.23428290710071	126.7706249053105	0	0
37.23427388008375	126.770625274199	0	0
37.23426492097239	126.7706256349049	0	0
37.2342558537164	126.7706259947861	0	0
37.2342467669052	126.7706263485245	0	0
37.23423783774322	126.7706266874576	0	0
37.23422876480112	126.7706270631162	0	0
37.23421981746538	126.7706274940703	0	0
37.23421075879754	126.7706280063901	0	0
37.23420175586118	126.7706286691445	0	0
37.23419280447607	126.7706294138571	0	0
37.2341838331932	126.7706302602813	0	0
37.23417475463064	126.77063117859	0	0
37.23416576289537	126.7706321457719	0	0
37.23415676635911	126.7706331636182	0	0
37.23414785098516	126.7706342046687	0	0
37.23413888965263	126.7706352859066	0	0
37.23412989668687	126.7706363983096	0	0
37.23412101756765	126.7706375193091	0	0
37.23411213993484	126.7706386459786	0	0
37.23410316187727	126.7706398131844	0	0
37.23409412728302	126.7706410868413	0	0
37.2340851301033	126.7706424612411	0	0
37.23407624811805	126.7706439932866	0	0
37.23406736192762	126.7706457435455	0	0
37.23405845658498	126.7706476826492	0	0
37.23404962452938	126.7706498047643	0	0
37.23404087220283	126.7706520488059	0	0
37.23403212799223	126.7706544621941	0	0
37.23402340813873	126.7706570361805	0	0
37.23401472860372	126.7706597680654	0	0
37.2340060046363	126.770662746187	0	0
37.2339973188105	126.7706659876355	0	0
37.23398877029666	126.7706693952153	0	0
37.23398022970219	126.7706730486692	0	0
37.23397172996785	126.7706768992976	0	0
37.23396323212219	126.7706809377723	0	0
37.23395480729182	126.7706851314231	0	0
37.23394645208744	126.7706894533242	0	0
37.23393818976704	126.7706939170605	0	0
37.23392999534347	126.7706985333202	0	0
37.23392179295095	126.770703325084	0	0
37.23391372549546	126.7707082515098	0	0
37.23390571117519	126.7707133540962	0	0
37.23389769113207	126.77071871278	0	0
37.23388978199964	126.7707239581897	0	0
37.23388142431553	126.7707284735028	0	0
37.23387286995805	126.7707324462885	0	0
37.23386439534064	126.7707360214451	0	0
37.2338558374074	126.7707392465469	0	0
37.23384717588493	126.7707425035842	0	0
37.23383847963871	126.7707458643367	0	0
37.23382987351649	126.7707493494734	0	0
37.23382129230134	126.7707530291991	0	0
37.23381281021572	126.7707569381649	0	0
37.23380437143989	126.7707612255768	0	0
37.23379615798393	126.77076572478	0	0
37.23378791659758	126.7707704897091	0	0
37.23377979359014	126.7707754846322	0	0
37.23377176194689	126.7707807599472	0	0
37.23376393296919	126.7707862823555	0	0
37.23375627877201	126.770792202983	0	0
37.23374874921352	126.7707985754209	0	0
37.23374153895033	126.7708051904486	0	0
37.23373446971427	126.7708122494633	0	0
37.23372761475676	126.7708195595191	0	0
37.23372092881925	126.7708271757869	0	0
37.23371449273528	126.7708349386753	0	0
37.23370814538337	126.7708430279177	0	0
37.23370198829515	126.7708513105226	0	0
37.23369597736387	126.770859810195	0	0
37.23369015998701	126.7708683689197	0	0
37.23368447936592	126.7708770127893	0	0
37.23367884502634	126.770885887833	0	0
37.23367333779494	126.7708948182529	0	0
37.23366798509601	126.7709037602808	0	0
37.23366266370083	126.7709129050435	0	0
37.23365743916447	126.770922128725	0	0
37.23365236867379	126.7709313530425	0	0
37.23364733743558	126.7709407987732	0	0
37.23364241589167	126.7709503042534	0	0
37.23363762580359	126.7709598340117	0	0
37.23363293072325	126.7709694651491	0	0
37.23362834306814	126.7709791260134	0	0
37.23362379170047	126.7709889600534	0	0
37.23361931374478	126.7709989047896	0	0
37.23361497258639	126.7710088082536	0	0
37.23361071296988	126.7710188772274	0	0
37.23360659392505	126.771028963184	0	0
37.23360261609578	126.7710391220882	0	0
37.23359879286927	126.7710492998443	0	0
37.23359508084875	126.7710596160763	0	0
37.2335915540247	126.7710698627574	0	0
37.2335881315516	126.7710802344101	0	0
37.23358480963778	126.7710907355037	0	0
37.23358159346291	126.7711013218981	0	0
37.23357847217657	126.7711119701489	0	0
37.2335754389937	126.7711227038168	0	0
37.23357252254359	126.7711333247854	0	0
37.23356965649813	126.7711440712313	0	0
37.23356686372606	126.7711547342973	0	0
37.23356411542356	126.7711653942012	0	0
37.23356136926809	126.7711761936962	0	0
37.23355868602269	126.7711868854472	0	0
37.23355597107565	126.7711977407988	0	0
37.23355326452166	126.7712085261966	0	0
37.23355058382458	126.7712191940796	0	0
37.23354781842962	126.7712300450854	0	0
37.23354505933527	126.7712407261944	0	0
37.23354220053963	126.7712515619641	0	0
37.23353934279055	126.7712621594173	0	0
37.23353638355796	126.7712729147829	0	0
37.23353338529635	126.7712835750382	0	0
37.23353036634855	126.771294079421	0	0
37.23352721848536	126.7713047784496	0	0
37.23352402943499	126.7713153668328	0	0
37.2335207948725	126.7713258181003	0	0
37.23351746981476	126.7713362756594	0	0
37.2335140847089	126.771346632263	0	0
37.23351058942954	126.771356984754	0	0
37.23350699009668	126.7713672628916	0	0
37.23350324007241	126.7713775718817	0	0
37.2334994217768	126.7713876909811	0	0
37.23349548941905	126.7713977510417	0	0
37.23349134618496	126.7714079625031	0	0
37.23348714797059	126.7714180498597	0	0
37.23348293711197	126.7714279242367	0	0
37.23347856241949	126.7714378987109	0	0
37.23347412642712	126.7714477757956	0	0
37.23346967009677	126.7714574717638	0	0
37.23346515037718	126.771467143045	0	0
37.2334605864751	126.7714767498371	0	0
37.23345589316422	126.7714864482924	0	0
37.23345114547301	126.7714960921032	0	0
37.23344630880455	126.7715057514942	0	0
37.2334414802996	126.7715151685719	0	0
37.23343652007433	126.7715245958456	0	0
37.23343149083952	126.7715339186172	0	0
37.23342632042531	126.7715432718743	0	0
37.23342112279541	126.7715524519703	0	0
37.23341583716213	126.7715615649576	0	0
37.23341046271372	126.7715706100587	0	0
37.23340494406504	126.7715796323871	0	0
37.23339935534491	126.771588507399	0	0
37.23339364082307	126.7715973501373	0	0
37.23338792637976	126.7716059477623	0	0
37.23338210814669	126.7716144545664	0	0
37.23337613858087	126.7716229846129	0	0
37.23337014924875	126.7716313540856	0	0
37.23336407455167	126.7716396673369	0	0
37.23335792779454	126.771647961743	0	0
37.23335177501366	126.7716561427975	0	0
37.23334551583365	126.7716643732233	0	0
37.23333926274859	126.7716725142873	0	0
37.23333296167666	126.7716806032897	0	0
37.23332663183916	126.7716886009367	0	0
37.23332022313128	126.7716965706236	0	0
37.23331381170022	126.7717043571091	0	0
37.23330725614241	126.7717121341191	0	0
37.23330065711608	126.7717197715933	0	0
37.23329393279776	126.7717273522042	0	0
37.23328720764413	126.7717347505938	0	0
37.23328040289712	126.7717420576559	0	0
37.23327347057726	126.7717493213396	0	0
37.23326654695595	126.7717564070971	0	0
37.23325950191205	126.7717634505326	0	0
37.23325240426318	126.7717703724463	0	0
37.23324516416029	126.7717772615917	0	0
37.2332379527229	126.7717839633696	0	0
37.23323059870606	126.7717906326294	0	0
37.23322328920052	126.7717971044095	0	0
37.23321589140771	126.7718035056657	0	0
37.23320837292557	126.7718098757821	0	0
37.23320082415009	126.771816134317	0	0
37.23319328987203	126.7718222675519	0	0
37.23318566963037	126.7718283693688	0	0
37.23317811702917	126.7718343346693	0	0
37.23317040929175	126.7718403603692	0	0
37.23316273671261	126.7718462660419	0	0
37.23315497329705	126.771852133847	0	0
37.23314729393221	126.7718578306776	0	0
37.23313952996914	126.7718634758599	0	0
37.23313173011696	126.771869058372	0	0
37.23312393417716	126.7718745530478	0	0
37.23311611743713	126.7718800068032	0	0
37.23310816705612	126.7718855067164	0	0
37.23310032148512	126.7718909223865	0	0
37.23309242716653	126.7718963765124	0	0
37.23308447171672	126.7719018845852	0	0
37.23307658907585	126.7719073593332	0	0
37.23306875827259	126.7719128033977	0	0
37.23306095097706	126.7719182328707	0	0
37.23305314014433	126.7719236812117	0	0
37.23304528023426	126.771929181193	0	0
37.23303738601451	126.7719347294855	0	0
37.23302961492412	126.7719402161895	0	0
37.23302184148648	126.7719457815737	0	0
37.23301406577475	126.7719514323457	0	0
37.23300631649839	126.7719572323135	0	0
37.23299866722293	126.7719631380307	0	0
37.23299111215774	126.7719692111321	0	0
37.23298360086326	126.7719754806452	0	0
37.23297617286875	126.7719819247817	0	0
37.23296886904189	126.7719885201805	0	0
37.23296163896605	126.7719953088955	0	0
37.23295457879788	126.7720022096961	0	0
37.23294766852822	126.7720092641076	0	0
37.23294078183284	126.7720166083835	0	0
37.23293404374115	126.7720241230849	0	0
37.23292748335132	126.7720317576348	0	0
37.23292100717795	126.7720396301349	0	0
37.23291472836873	126.7720475606592	0	0
37.2329084738485	126.7720557317296	0	0
37.23290237769879	126.7720640086302	0	0
37.23289643134555	126.7720723971332	0	0
37.23289066198128	126.7720809509532	0	0
37.23288507007947	126.7720896674623	0	0
37.23287958621118	126.7720986300249	0	0
37.23287425853212	126.772107762777	0	0
37.23286913930568	126.7721169497341	0	0
37.23286413474694	126.7721263382055	0	0
37.23285928434699	126.7721358325717	0	0
37.23285454957543	126.7721455094138	0	0
37.2328499768252	126.7721552742614	0	0
37.2328455974606	126.7721650485704	0	0
37.23284130637829	126.7721750428505	0	0
37.23283720166879	126.7721850515698	0	0
37.23283325737406	126.7721951018172	0	0
37.23282939418312	126.7722053240991	0	0
37.23282565618338	126.772215604324	0	0
37.23282204542301	126.7722259616967	0	0
37.23281854130408	126.772236421245	0	0
37.23281518337382	126.7722467895351	0	0
37.23281189332317	126.7722572437215	0	0
37.23280865457525	126.7722678437286	0	0
37.23280549620571	126.7722783992338	0	0
37.23280241162396	126.7722889695937	0	0
37.23279937706189	126.7722996465195	0	0
37.23279645684861	126.7723103022561	0	0
37.23279366157215	126.7723209030253	0	0
37.23279096363548	126.772331706241	0	0
37.23278843976583	126.772342456175	0	0
37.23278609941191	126.7723532404431	0	0
37.23278394837795	126.7723641413768	0	0
37.23278204161374	126.7723750423794	0	0
37.23278035621215	126.7723860375788	0	0
37.23277887226143	126.7723970962941	0	0
37.23277759805099	126.7724081459473	0	0
37.23277649324702	126.7724193638378	0	0
37.23277566016119	126.7724306522323	0	0
37.23277505864146	126.7724419499596	0	0
37.23277467868892	126.7724531982286	0	0
37.23277448961375	126.7724644360675	0	0
37.23277442533008	126.7724755926662	0	0
37.2327745579349	126.7724867903016	0	0
37.23277475871275	126.7724981367837	0	0
37.23277500513083	126.7725094594633	0	0
37.23277539245218	126.772520798583	0	0
37.23277587719893	126.7725320715983	0	0
37.23277651995613	126.7725432208964	0	0
37.23277737216885	126.7725544441538	0	0
37.23277842444643	126.7725656893433	0	0
37.23277964473192	126.7725767632532	0	0
37.2327810085778	126.7725878183979	0	0
37.23278251436531	126.7725988727499	0	0
37.23278414365486	126.7726099803061	0	0
37.232785880736	126.7726209710346	0	0
37.23278780134446	126.7726318887726	0	0
37.23278992888697	126.7726427329186	0	0
37.23279230238263	126.7726535897296	0	0
37.23279489120031	126.7726643051968	0	0
37.23279770663186	126.7726750780278	0	0
37.23280067847239	126.7726856996813	0	0
37.23280378791382	126.7726962184654	0	0
37.23280701231303	126.772706635136	0	0
37.23281042140334	126.7727171628659	0	0
37.23281388154283	126.7727275344506	0	0
37.23281744085034	126.7727379229062	0	0
37.23282103390241	126.7727482030872	0	0
37.232824690882	126.7727584768994	0	0
37.23282836645706	126.7727687382572	0	0
37.23283207133037	126.7727790193344	0	0
37.23283578162976	126.7727893020795	0	0
37.23283951869764	126.7727996531297	0	0
37.23284319661499	126.7728098490967	0	0
37.23284692084452	126.7728201972093	0	0
37.2328505716855	126.7728303800048	0	0
37.23285425813811	126.7728406976173	0	0
37.23285789832463	126.7728509245372	0	0
37.23286157204697	126.7728612949207	0	0
37.23286516976123	126.7728715230319	0	0
37.23286876816866	126.7728818140731	0	0
37.23287232983415	126.7728920510714	0	0
37.23287588907631	126.7729023318151	0	0
37.23287945540801	126.7729126716867	0	0
37.23288304442168	126.7729231148182	0	0
37.2328865704043	126.7729333982414	0	0
37.23289011299308	126.7729437558211	0	0
37.23289363529547	126.7729540755305	0	0
37.23289716033954	126.7729644261377	0	0
37.23290065883821	126.7729747106739	0	0
37.23290419469871	126.7729851152412	0	0
37.2329077039768	126.7729954460312	0	0
37.23291123467979	126.7730058332142	0	0
37.23291479221414	126.7730162933058	0	0
37.23291829306975	126.7730265688131	0	0
37.23292182347989	126.7730369147454	0	0
37.23292534958773	126.7730472348338	0	0
37.23292888574156	126.7730575713433	0	0
37.23293242098872	126.7730678922189	0	0
37.23293596283298	126.7730782143047	0	0
37.232939533906	126.7730886118566	0	0
37.23294310516098	126.7730990129481	0	0
37.23294670047316	126.7731094838843	0	0
37.2329502881977	126.7731199309527	0	0
37.23295381341151	126.7731301950929	0	0
37.23295738716467	126.7731405943861	0	0
37.2329609597131	126.7731509796429	0	0
37.23296455143382	126.773161418064	0	0
37.23296812031497	126.7731717928185	0	0
37.23297169038147	126.77318217138	0	0
37.23297523158632	126.7731924680301	0	0
37.23297877067099	126.77320275607	0	0
37.23298235860273	126.7732131748014	0	0
37.23298591705198	126.7732234985933	0	0
37.23298948895251	126.7732338518576	0	0
37.23299307594605	126.7732442430484	0	0
37.23299664215461	126.7732545732726	0	0
37.23300018682309	126.7732648356877	0	0
37.23300377141003	126.7732752054759	0	0
37.23300734599152	126.7732855335427	0	0
37.23301093450228	126.7732958682043	0	0
37.23301454420069	126.773306250603	0	0
37.23301811308806	126.7733165565356	0	0
37.2330217109464	126.7733269667738	0	0
37.23302524807372	126.7733372257526	0	0
37.2330288368567	126.7733476011294	0	0
37.23303242480548	126.7733578523957	0	0
37.23303609262344	126.7733681928272	0	0
37.2330398047109	126.773378392391	0	0
37.23304361508623	126.7733886024323	0	0
37.23304753883249	126.7733988149677	0	0
37.23305152674875	126.7734088955761	0	0
37.23305560116003	126.7734189060042	0	0
37.23305980714176	126.7734289595695	0	0
37.23306404130164	126.7734388064616	0	0
37.23306841904529	126.7734487041247	0	0
37.23307284520845	126.7734584049442	0	0
37.2330774584116	126.7734682055191	0	0
37.23308217277573	126.7734779064853	0	0
37.23308699815807	126.7734875424601	0	0
37.23309188573515	126.7734970715939	0	0
37.23309682931806	126.7735064726867	0	0
37.23310189170326	126.7735158462079	0	0
37.23310701743495	126.7735250436395	0	0
37.23311225100179	126.7735341376841	0	0
37.23311761114599	126.7735431780948	0	0
37.23312305606036	126.7735520435399	0	0
37.2331286424727	126.7735607909028	0	0
37.23313444065835	126.7735694863674	0	0
37.23314032165504	126.7735779424687	0	0
37.23314642449787	126.7735863192204	0	0
37.2331526859503	126.7735945288598	0	0
37.23315907791735	126.7736025377879	0	0
37.23316558768519	126.7736103596598	0	0
37.23317215352242	126.7736179626453	0	0
37.23317891354349	126.773625510961	0	0
37.23318571148702	126.773632822075	0	0
37.23319266025205	126.7736400445528	0	0
37.23319969338225	126.773647128189	0	0
37.23320681912946	126.7736540844325	0	0
37.23321399726084	126.7736608992774	0	0
37.23322126621736	126.7736676123587	0	0
37.23322865207255	126.7736742389408	0	0
37.23323602864476	126.7736806719806	0	0
37.23324348249836	126.7736870104164	0	0
37.23325094298335	126.773693170662	0	0
37.23325860281135	126.7736992935402	0	0
37.23326619830827	126.7737051676627	0	0
37.23327388293522	126.7737109008529	0	0
37.23328165096375	126.7737164987677	0	0
37.2332895446545	126.7737220083166	0	0
37.2332975222717	126.7737273813385	0	0
37.23330545902855	126.7737325086395	0	0
37.2333135442697	126.7737375177374	0	0
37.23332170426042	126.7737423591881	0	0
37.2333299802481	126.7737470518936	0	0
37.23333824330567	126.7737515035425	0	0
37.23334656742612	126.7737557681619	0	0
37.23335489958956	126.7737598225142	0	0
37.23336332470966	126.7737637159311	0	0
37.23337183645263	126.7737674410563	0	0
37.23338036305323	126.7737709631657	0	0
37.23338895463337	126.7737742722233	0	0
37.23339769000585	126.7737774168521	0	0
37.23340635461207	126.7737803045242	0	0
37.23341517792053	126.7737830384612	0	0
37.23342389268775	126.773785570882	0	0
37.23343267498622	126.7737879674154	0	0
37.23344145804454	126.7737902395713	0	0
37.23345021162183	126.7737923878512	0	0
37.23345908348529	126.7737944286531	0	0
37.2334680386406	126.773796360711	0	0
37.23347700337264	126.773798121479	0	0
37.2334859990395	126.7737997370923	0	0
37.23349489625784	126.7738011524303	0	0
37.23350381412234	126.7738024169053	0	0
37.23351271727832	126.7738034637666	0	0
37.23352172615436	126.7738043543806	0	0
37.2335306488858	126.7738050276271	0	0
37.23353959782357	126.7738055431258	0	0
37.23354853251801	126.7738058470235	0	0
37.23355754836748	126.7738059947043	0	0
37.23356647088411	126.7738058765032	0	0
37.23357544090281	126.7738055332733	0	0
37.23358440014393	126.7738051038355	0	0
37.23359339282915	126.7738043671836	0	0
37.23360242538976	126.7738034607211	0	0
37.23361144804866	126.7738023748006	0	0
37.23362039275731	126.773801137372	0	0
37.23362933592013	126.7737997605095	0	0
37.23363829029937	126.7737981858202	0	0
37.2336471008359	126.7737964418749	0	0
37.23365589088871	126.773794523068	0	0
37.23366480385712	126.773792375182	0	0
37.23367356667369	126.7737900364244	0	0
37.23368235350291	126.7737875344476	0	0
37.23369104609044	126.7737848664631	0	0
37.23369982496778	126.7737819515653	0	0
37.23370847495821	126.773778841353	0	0
37.23371708155162	126.773775523206	0	0
37.23372570934649	126.7737719554389	0	0
37.23373430883344	126.7737682137607	0	0
37.23374278267091	126.7737643131615	0	0
37.23375114655812	126.7737603164441	0	0
37.23375950530041	126.7737561822135	0	0
37.23376778687091	126.773751965729	0	0
37.23377602271209	126.7737476743476	0	0
37.2337843565049	126.7737431606091	0	0
37.23379262698249	126.7737384990397	0	0
37.2338007198199	126.7737337403398	0	0
37.23380887291186	126.7737286800038	0	0
37.23381690933225	126.7737234337509	0	0
37.23382476153225	126.7737180584988	0	0
37.23383251193827	126.7737125040253	0	0
37.23384021050042	126.7737067761273	0	0
37.2338478902016	126.773700833469	0	0
37.23385546852896	126.7736947711472	0	0
37.23386292225607	126.7736886055626	0	0
37.23387033247199	126.7736822819229	0	0
37.23387767449455	126.7736758148037	0	0
37.233884998375	126.7736691381653	0	0
37.23389218843609	126.7736623538906	0	0
37.23389928896491	126.7736554122632	0	0
37.23390631834135	126.7736482701925	0	0
37.23391325127928	126.7736410329407	0	0
37.23392005866151	126.7736337604556	0	0
37.23392688865563	126.7736262733415	0	0
37.23393355537982	126.7736187962187	0	0
37.23394014503225	126.7736111740451	0	0
37.23394665242476	126.7736033791302	0	0
37.23395304545457	126.7735954342015	0	0
37.23395936045905	126.7735872706969	0	0
37.23396545588187	126.7735790837	0	0
37.23397148829251	126.7735706668801	0	0
37.23397738832626	126.773562113827	0	0
37.23398315952186	126.7735534027288	0	0
37.23398874298059	126.7735446464989	0	0
37.2339942932635	126.7735356391688	0	0
37.23399971197313	126.7735265269215	0	0
37.23400500193955	126.7735173083214	0	0
37.23401017907779	126.7735079718015	0	0
37.23401520187795	126.7734986107192	0	0
37.23402008245926	126.7734891879886	0	0
37.23402483944155	126.7734796749257	0	0
37.23402951570529	126.7734699925739	0	0
37.23403404797038	126.7734602190305	0	0
37.2340384017221	126.7734504536875	0	0
37.2340426834764	126.7734404930362	0	0
37.23404680472429	126.7734305491199	0	0
37.23405085441454	126.7734204269786	0	0
37.23405477301917	126.7734102891057	0	0
37.23405859788193	126.7734000323363	0	0
37.2340622866753	126.7733897806628	0	0
37.23406586635626	126.7733794344551	0	0
37.23406932922859	126.7733690271463	0	0
37.23407268094623	126.7733585352652	0	0
37.23407588858383	126.7733480705167	0	0
37.23407898218949	126.7733374998346	0	0
37.23408195650081	126.7733268725533	0	0
37.23408480456174	126.7733161366774	0	0
37.23408751783338	126.7733053236123	0	0
37.23409008823999	126.7732945093063	0	0
37.23409251130239	126.7732836326714	0	0
37.23409477479808	126.7732728415765	0	0
37.23409690590038	126.7732619638696	0	0
37.23409892017605	126.7732508791765	0	0
37.23410075986798	126.7732398423055	0	0
37.23410248635493	126.7732286449142	0	0
37.23410402794954	126.7732176099593	0	0
37.2341054485891	126.7732064333658	0	0
37.23410668983226	126.7731951845243	0	0
37.23410776692329	126.7731839771903	0	0
37.23410865842848	126.7731726610224	0	0
37.23410940049398	126.7731613313454	0	0
37.23410996648573	126.7731500567525	0	0
37.23411039893834	126.7731387425903	0	0
37.2341106883139	126.7731274444464	0	0
37.23411087468786	126.7731161911737	0	0
37.2341109435332	126.7731049172682	0	0
37.2341109287978	126.7730935995991	0	0
37.23411077549597	126.7730822145787	0	0
37.23411054318735	126.7730708735227	0	0
37.23411029353205	126.7730594659287	0	0
37.23411000129228	126.7730480793236	0	0
37.23410965451378	126.773036874387	0	0
37.23410931566137	126.7730257113475	0	0
37.23410896970166	126.7730144420531	0	0
37.23410863100899	126.773003186936	0	0
37.23410829963228	126.7729919293106	0	0
37.23410797921294	126.7729806462997	0	0
37.23410766999761	126.7729693904221	0	0
37.23410736436762	126.7729581651618	0	0
37.23410705458614	126.7729468431433	0	0
37.23410675139782	126.7729356478861	0	0
37.23410645095799	126.7729243914232	0	0
37.23410615698096	126.7729132274986	0	0
37.23410586747359	126.7729019799084	0	0
37.23410558510361	126.7728907695869	0	0
37.23410530437642	126.7728794341943	0	0
37.2341050306015	126.7728682006635	0	0
37.23410475787688	126.7728568625056	0	0
37.23410448990217	126.772845617828	0	0
37.23410422522975	126.7728344403198	0	0
37.23410395538754	126.7728230477725	0	0
37.2341036878188	126.7728117404385	0	0
37.2341034220375	126.772800541229	0	0
37.23410315188983	126.7727892016088	0	0
37.23410288559835	126.7727780317319	0	0
37.23410261839253	126.7727668042485	0	0
37.23410235155785	126.7727555810761	0	0
37.23410208264536	126.7727442631298	0	0
37.23410181166901	126.7727329267705	0	0
37.23410154617764	126.7727216451835	0	0
37.23410128302051	126.7727101862126	0	0
37.23410103098816	126.7726990210909	0	0
37.2341007835197	126.772687735657	0	0
37.23410054363635	126.7726764953391	0	0
37.2341003043331	126.7726651162893	0	0
37.23410006998058	126.7726538589789	0	0
37.23409983771771	126.7726426267503	0	0
37.2340996037692	126.772631270017	0	0
37.23409937475456	126.77262010593	0	0
37.23409914668633	126.7726089516291	0	0
37.23409891895952	126.7725977890574	0	0
37.23409868622746	126.7725863601369	0	0
37.23409845810856	126.7725751543663	0	0
37.2340982275086	126.7725638242843	0	0
37.2340979955023	126.7725524168416	0	0
37.23409776874165	126.7725412205871	0	0
37.2340975368211	126.7725297815001	0	0
37.23409730724705	126.7725185646746	0	0
37.23409707600222	126.7725073784646	0	0
37.23409684031834	126.7724962232934	0	0
37.23409658958896	126.7724849565741	0	0
37.23409632319967	126.7724737259537	0	0
37.23409604988145	126.7724625689019	0	0
37.23409575609877	126.7724511902891	0	0
37.23409545952558	126.772440038589	0	0
37.23409515864258	126.7724288034158	0	0
37.23409484892239	126.7724174342559	0	0
37.23409453922195	126.7724062400693	0	0
37.23409421815698	126.7723948336636	0	0
37.23409389435825	126.772383539698	0	0
37.23409356932672	126.7723723317399	0	0
37.23409323567258	126.7723610071397	0	0
37.234092897823	126.7723496237103	0	0
37.23409256127056	126.7723382141597	0	0
37.23409223097561	126.7723269982605	0	0
37.23409190302736	126.7723157558378	0	0
37.2340915812542	126.7723045534212	0	0
37.23409126350835	126.7722933445536	0	0
37.23409094754928	126.7722820188721	0	0
37.23409063927119	126.7722708374857	0	0
37.23409032888162	126.7722593771377	0	0
37.23409002679984	126.7722479208781	0	0
37.23408973416949	126.7722365889704	0	0
37.23408945139492	126.7722253987203	0	0
37.23408917383716	126.7722141747732	0	0
37.2340888994899	126.7722028737323	0	0
37.23408863507098	126.7721917172491	0	0
37.23408837571139	126.7721804950199	0	0
37.23408811788313	126.7721691471163	0	0
37.23408785984533	126.77215769201	0	0
37.23408761105165	126.7721465114951	0	0
37.23408735792582	126.7721351060819	0	0
37.23408710691658	126.7721239156797	0	0
37.23408685327401	126.7721126871685	0	0
37.23408659644233	126.7721014122438	0	0
37.23408633314938	126.7720899935494	0	0
37.23408607246516	126.7720788075747	0	0
37.23408581029657	126.7720675938532	0	0
37.23408554482359	126.7720562655498	0	0
37.23408527737	126.772044882167	0	0
37.2340850092622	126.7720334568538	0	0
37.23408474208394	126.7720220591296	0	0
37.23408447895321	126.772010863848	0	0
37.23408421539926	126.7719996923704	0	0
37.2340839494118	126.7719884567437	0	0
37.23408367723238	126.7719770292789	0	0
37.23408340616046	126.7719657411004	0	0
37.23408313447501	126.7719544414872	0	0
37.23408286193326	126.7719430627398	0	0
37.23408258920688	126.7719316600332	0	0
37.23408231799517	126.7719203103612	0	0
37.23408204820296	126.7719090087424	0	0
37.23408177970188	126.7718977047378	0	0
37.23408151140485	126.7718863495206	0	0
37.23408124339074	126.7718749716911	0	0
37.23408097759683	126.771863658116	0	0
37.23408071223218	126.7718523359789	0	0
37.23408044695528	126.7718409928412	0	0
37.23408018208174	126.7718296466982	0	0
37.23407991862869	126.7718183404234	0	0
37.23407965802387	126.771807152828	0	0
37.23407939774887	126.7717959868968	0	0
37.23407913612412	126.7717847609205	0	0
37.23407887304541	126.7717734701338	0	0
37.23407861048902	126.7717621965535	0	0
37.23407835001144	126.7717510096027	0	0
37.23407809464521	126.7717398156097	0	0
37.23407784073065	126.7717285348304	0	0
37.23407758539192	126.7717171612966	0	0
37.23407733551694	126.7717059001013	0	0
37.23407709188385	126.7716947463178	0	0
37.23407684520922	126.7716834148323	0	0
37.23407660656067	126.7716721814652	0	0
37.23407637364406	126.7716608911899	0	0
37.2340761664224	126.7716497136514	0	0
37.23407597197534	126.77163854234	0	0
37.23407581030635	126.7716272348594	0	0
37.23407565901439	126.7716160386475	0	0
37.23407552312977	126.7716048514127	0	0
37.23407541197868	126.7715936598409	0	0
37.23407534143555	126.771582433823	0	0
37.23407532583386	126.7715711211083	0	0
37.23407538398745	126.7715598132548	0	0
37.23407554177344	126.7715485886888	0	0
37.23407583500436	126.771537367769	0	0
37.23407630754186	126.771526087634	0	0
37.23407696964885	126.7715149519512	0	0
37.23407782213597	126.7715038466968	0	0
37.23407889393047	126.7714927578952	0	0
37.23408022508787	126.7714815993426	0	0
37.23408181173956	126.771470481432	0	0
37.23408364502951	126.7714594310882	0	0
37.23408572914796	126.7714484450057	0	0
37.23408805947399	126.7714375228881	0	0
37.2340906181531	126.7714268095822	0	0
37.23409345825881	126.7714161426693	0	0
37.23409655761686	126.7714056504953	0	0
37.23409997426312	126.7713952113799	0	0
37.2341036962066	126.7713849107976	0	0
37.23410771984766	126.7713747865303	0	0
37.2341120051285	126.771364899314	0	0
37.23411655091033	126.7713552269384	0	0
37.23412138865505	126.7713457518119	0	0
37.23412648194574	126.7713365189401	0	0
37.23413188252209	126.7713274649097	0	0
37.23413752373224	126.7713187344551	0	0
37.23414346956702	126.771310271169	0	0
37.23414967615556	126.7713021345337	0	0
37.23415619873904	126.7712943492146	0	0
37.23416298993985	126.7712868689696	0	0
37.23417001360819	126.7712797602944	0	0
37.23417718806662	126.7712731095093	0	0
37.23418456789199	126.7712668298849	0	0
37.23419219071927	126.7712608783442	0	0
37.23420000610336	126.7712552879111	0	0
37.23420790618365	126.7712500930404	0	0
37.23421598956218	126.7712452081358	0	0
37.23422425976294	126.7712406729444	0	0
37.23423257393641	126.771236562776	0	0
37.23424099026779	126.771232823511	0	0
37.23424960156687	126.7712294060442	0	0
37.23425828748684	126.7712263979788	0	0
37.23426705402997	126.7712237814103	0	0
37.23427590481906	126.7712215365215	0	0
37.23428470949136	126.7712197231272	0	0
37.23429363517072	126.7712182487975	0	0
37.23430253774191	126.7712170827519	0	0
37.23431156687717	126.7712162766801	0	0
37.23432051181514	126.7712158387292	0	0
37.23432952021283	126.7712157179761	0	0
37.23433852438713	126.7712159606495	0	0
37.23434743096799	126.7712166050136	0	0
37.23435631080243	126.771217693658	0	0
37.23436520249474	126.7712191712931	0	0
37.23437403818062	126.7712210229169	0	0
37.2343828772812	126.7712232514054	0	0
37.23439164649766	126.7712258214061	0	0
37.23440034422022	126.7712287140963	0	0
37.23440896567433	126.771231939819	0	0
37.23441752388778	126.7712355323143	0	0
37.23442595777642	126.7712394792388	0	0
37.23443430846353	126.7712438284815	0	0
37.23444251067021	126.7712485573595	0	0
37.23445057737842	126.7712536191874	0	0
37.2344584512557	126.7712589917177	0	0
37.23446623898196	126.7712647459315	0	0
37.23447384085653	126.7712707954363	0	0
37.23448126013962	126.7712771096451	0	0
37.23448853632479	126.7712836254438	0	0
37.23449578016769	126.7712904051139	0	0
37.23450282249298	126.7712972960551	0	0
37.2345098247249	126.7713044769079	0	0
37.23451667772933	126.771311810992	0	0
37.23452337832659	126.7713193368642	0	0
37.23452994372591	126.771327087986	0	0
37.23453631950764	126.7713349637692	0	0
37.2345425907985	126.7713431145256	0	0
37.23454863862175	126.771351397142	0	0
37.23455454707393	126.771359906598	0	0
37.23456025078814	126.7713685073222	0	0
37.23456591177237	126.7713773428046	0	0
37.23457140482633	126.7713861683481	0	0
37.23457679801481	126.7713950588776	0	0
37.23458217109132	126.7714041441307	0	0
37.23458745132874	126.7714132794733	0	0
37.23459262955799	126.7714224203457	0	0
37.23459778886489	126.7714316741002	0	0
37.2346028813076	126.7714409359049	0	0
37.23460797455054	126.7714502922671	0	0
37.23461299589874	126.7714596121479	0	0
37.23461799762502	126.7714689937168	0	0
37.23462297941675	126.7714784019531	0	0
37.23462791934434	126.7714877792592	0	0
37.23463279325708	126.7714971621541	0	0
37.23463763926569	126.7715066392069	0	0
37.23464242609732	126.7715162133906	0	0
37.2346471135036	126.7715258205106	0	0
37.23465171659232	126.7715354872994	0	0
37.23465622694189	126.7715452105668	0	0
37.23466063804054	126.771554984535	0	0
37.23466498605808	126.7715649176529	0	0
37.23466922450379	126.7715749153834	0	0
37.2346733014023	126.7715848942819	0	0
37.2346772734356	126.7715949776669	0	0
37.23468112758665	126.7716051586644	0	0
37.23468486548378	126.7716154342334	0	0
37.23468848208632	126.7716257970363	0	0
37.2346919646802	126.7716361776316	0	0
37.23469534155449	126.7716466107483	0	0
37.23469862319919	126.7716571279529	0	0
37.23470177401802	126.7716676054923	0	0
37.23470482470945	126.7716781102827	0	0
37.23470781362808	126.7716887910669	0	0
37.23471068835856	126.7716994615879	0	0
37.23471347648849	126.7717102793005	0	0
37.23471612937089	126.7717210218673	0	0
37.23471867947602	126.7717317703565	0	0
37.23472116333809	126.7717426352089	0	0
37.23472356980512	126.771753566819	0	0
37.23472586755006	126.7717644422473	0	0
37.23472807998714	126.7717754183408	0	0
37.23473021578573	126.7717864624859	0	0
37.23473223993149	126.7717973692596	0	0
37.23473418084115	126.7718082605184	0	0
37.23473604523671	126.7718192844555	0	0
37.23473780812885	126.7718302367006	0	0
37.23473948339643	126.7718412968506	0	0
37.23474105066894	126.7718523746349	0	0
37.23474251683112	126.7718634610166	0	0
37.23474390242789	126.7718746887875	0	0
37.23474518040729	126.7718858799868	0	0
37.23474632169408	126.7718971450803	0	0
37.23474733202723	126.771908229444	0	0
37.23474819097567	126.7719194261363	0	0
37.23474895467616	126.771930722157	0	0
37.23474950982734	126.7719420135653	0	0
37.23474994964028	126.7719531676817	0	0
37.23475027368039	126.7719645238988	0	0
37.2347504265843	126.7719757194532	0	0
37.23475049174239	126.7719870189302	0	0
37.23475047788577	126.7719981751377	0	0
37.23475031428333	126.7720093933553	0	0
37.23475007468899	126.77202057059	0	0
37.23474970730549	126.7720317197368	0	0
37.23474924803012	126.7720430893802	0	0
37.23474870124779	126.7720543004927	0	0
37.23474806404306	126.7720655279206	0	0
37.23474735927113	126.7720766963159	0	0
37.23474656330562	126.7720879216267	0	0
37.23474568407185	126.7720991309427	0	0
37.23474470491468	126.7721103407427	0	0
37.23474364239379	126.7721214985514	0	0
37.23474248665727	126.7721326561924	0	0
37.23474123677395	126.7721437071065	0	0
37.23473985420507	126.7721548489623	0	0
37.2347383618926	126.7721658552301	0	0
37.23473672937924	126.7721768994412	0	0
37.23473496628451	126.7721878504519	0	0
37.23473306361581	126.7721988387818	0	0
37.23473103236121	126.7722097385536	0	0
37.23472887412986	126.7722206485082	0	0
37.23472658481685	126.7722315017928	0	0
37.23472420226176	126.7722422544197	0	0
37.23472168147897	126.7722530831742	0	0
37.23471907745003	126.7722638585813	0	0
37.23471638681436	126.772274594166	0	0
37.23471361217216	126.7722852907566	0	0
37.23471072159089	126.7722960828278	0	0
37.23470778006083	126.7723067558746	0	0
37.23470479878129	126.7723172925648	0	0
37.23470174648617	126.7723278324705	0	0
37.23469860684422	126.7723384715103	0	0
37.23469546405716	126.772348939309	0	0
37.2346922622774	126.7723595318526	0	0
37.2346890510482	126.7723700903253	0	0
37.23468588996787	126.7723805620774	0	0
37.23468272753597	126.7723911009265	0	0
37.23467958852036	126.7724017025459	0	0
37.23467648648895	126.7724123182739	0	0
37.23467343079318	126.772422957432	0	0
37.23467042219993	126.77243358974	0	0
37.2346675014545	126.7724441920256	0	0
37.23466464165645	126.7724549187107	0	0
37.23466186356965	126.7724657059215	0	0
37.23465918914449	126.7724764527306	0	0
37.23465657769373	126.7724873340787	0	0
37.23465406420815	126.7724982141549	0	0
37.23465164540704	126.772509146921	0	0
37.23464935985013	126.7725200123479	0	0
37.23464719123601	126.7725308448285	0	0
37.23464512552723	126.7725418016669	0	0
37.23464318790697	126.7725526915016	0	0
37.23464138465392	126.7725637506196	0	0
37.23463972909056	126.7725747720565	0	0
37.23463823963101	126.7725859015957	0	0
37.23463690078977	126.7725971218683	0	0
37.23463576671389	126.7726083434403	0	0
37.23463479660231	126.7726195485537	0	0
37.23463401848857	126.7726307456993	0	0
37.23463339366935	126.7726419678877	0	0
37.23463292705206	126.7726533351711	0	0
37.23463261035827	126.7726646261356	0	0
37.2346324454682	126.7726759723336	0	0
37.23463245532115	126.7726872778641	0	0
37.2346325529039	126.7726986426627	0	0
37.2346328004655	126.7727099856281	0	0
37.23463314574337	126.772721350582	0	0
37.23463356308899	126.7727326300262	0	0
37.23463412233436	126.7727437709147	0	0
37.23463476502307	126.772754979256	0	0
37.23463554333745	126.7727662443887	0	0
37.23463643100254	126.7727773803838	0	0
37.23463750007129	126.772788686341	0	0
37.2346386994021	126.7727998754762	0	0
37.23464007742996	126.772811069066	0	0
37.23464160393272	126.7728222294311	0	0
37.23464325736458	126.7728332094494	0	0
37.234645059902	126.772844186413	0	0
37.23464700508625	126.7728551462904	0	0
37.2346491003798	126.7728660872689	0	0
37.23465132647787	126.7728769932028	0	0
37.23465370295906	126.7728878733191	0	0
37.23465624012812	126.7728987816121	0	0
37.23465888591187	126.7729094522041	0	0
37.23466171082284	126.7729202561912	0	0
37.23466466979652	126.7729309462069	0	0
37.23466773749031	126.7729415070293	0	0
37.23467094737327	126.772952037563	0	0
37.23467428009361	126.7729624824522	0	0
37.23467777539693	126.7729729057692	0	0
37.23468137026239	126.7729831683141	0	0
37.23468514578095	126.7729935016195	0	0
37.23468904100533	126.7730038021203	0	0
37.23469301465788	126.7730140007713	0	0
37.23469705206119	126.7730240769263	0	0
37.23470117820873	126.7730341778226	0	0
37.23470536448544	126.7730442305468	0	0
37.23470954042818	126.7730541339528	0	0
37.23471382910606	126.7730641673837	0	0
37.23471809628602	126.7730740836035	0	0
37.23472243419963	126.7730840927188	0	0
37.2347267311219	126.773093981946	0	0
37.23473109416454	126.7731039898909	0	0
37.23473536173268	126.7731138108828	0	0
37.2347396039027	126.7731236248647	0	0
37.23474390953444	126.7731336628667	0	0
37.23474816252256	126.7731436870528	0	0
37.23475236537509	126.7731537198845	0	0
37.23475650127102	126.7731638053329	0	0
37.23476057458503	126.7731739413608	0	0
37.23476449681656	126.7731839839253	0	0
37.23476836583049	126.7731941579854	0	0
37.23477212958256	126.7732044177418	0	0
37.23477579499483	126.7732147824445	0	0
37.23477932184507	126.77322516568	0	0
37.2347827377636	126.7732356917065	0	0
37.23478601687047	126.7732462332096	0	0
37.23478920444477	126.7732568963599	0	0
37.23479223327319	126.7732674406925	0	0
37.23479514765611	126.7732780043831	0	0
37.23479795888374	126.7732885918403	0	0
37.2348006836607	126.7732993256478	0	0
37.23480329242292	126.7733100860341	0	0
37.23480582339006	126.7733210291004	0	0
37.23480822456974	126.773331889261	0	0
37.23481053064474	126.773342859156	0	0
37.23481268798274	126.7733537058901	0	0
37.23481475128865	126.7733646288451	0	0
37.23481667934335	126.7733756129942	0	0
37.23481849154317	126.7733866804915	0	0
37.23482013274358	126.7733977177222	0	0
37.23482166161583	126.7734089490417	0	0
37.23482305054728	126.7734202269191	0	0
37.23482429405828	126.7734313714142	0	0
37.23482542539496	126.7734425538584	0	0
37.23482642521658	126.7734537848182	0	0
37.23482731767703	126.7734650049609	0	0
37.23482808333255	126.7734761963767	0	0
37.23482876411255	126.7734873443417	0	0
37.23482934104624	126.7734987080785	0	0
37.23482984503119	126.7735098679382	0	0
37.2348302377072	126.7735212551368	0	0
37.23483048362378	126.7735324455984	0	0
37.23483071246677	126.7735436609632	0	0
37.23483088248899	126.7735549172968	0	0
37.2348308826743	126.7735662160834	0	0
37.23483082005256	126.7735775165874	0	0
37.23483064975333	126.7735887888119	0	0
37.23483037619276	126.7736001441928	0	0
37.23482998616127	126.7736114711626	0	0
37.23482946381642	126.773622830611	0	0
37.23482884022017	126.7736341319586	0	0
37.23482807192227	126.7736454641687	0	0
37.23482720125719	126.7736567078293	0	0
37.23482620303786	126.7736678891547	0	0
37.23482508375418	126.7736791032635	0	0
37.23482383098994	126.7736903550261	0	0
37.23482245132046	126.7737015483454	0	0
37.234820950114	126.7737126972051	0	0
37.23481929574895	126.7737238873968	0	0
37.23481753935689	126.7737349656788	0	0
37.23481566945038	126.7737459283518	0	0
37.2348136676688	126.7737569429326	0	0
37.23481156429095	126.7737678042481	0	0
37.23480934058809	126.7737786244753	0	0
37.23480695233406	126.7737896207532	0	0
37.23480446985801	126.7738004006854	0	0
37.23480184493138	126.7738112107772	0	0
37.23479911326942	126.7738218528752	0	0
37.23479627001326	126.7738324525668	0	0
37.23479329058921	126.7738430996655	0	0
37.23479022881927	126.7738535946007	0	0
37.2347870747129	126.773864031455	0	0
37.23478374634075	126.7738746347464	0	0
37.23478032993232	126.7738851842763	0	0
37.23477686323111	126.773895571523	0	0
37.2347732936728	126.7739059620756	0	0
37.23476960397503	126.7739164017507	0	0
37.23476584012347	126.7739267415867	0	0
37.2347619766272	126.7739370327289	0	0
37.23475800919049	126.7739472782486	0	0
37.2347539883486	126.7739573646615	0	0
37.23474986322025	126.7739674121701	0	0
37.23474561926267	126.7739774591428	0	0
37.23474134067087	126.7739873297907	0	0
37.23473690315708	126.7739972992188	0	0
37.23473244694684	126.7740070452011	0	0
37.23472786873761	126.7740167954213	0	0
37.23472323768589	126.7740263573654	0	0
37.23471844704875	126.7740359353039	0	0
37.23471354183398	126.7740454457363	0	0
37.23470850014929	126.7740549020852	0	0
37.23470338489631	126.7740641829418	0	0
37.23469812340608	126.7740734618145	0	0
37.23469283668114	126.7740825300494	0	0
37.23468736371147	126.7740916559139	0	0
37.23468187527566	126.7741005611392	0	0
37.23467622361289	126.7741094793011	0	0
37.23467048179155	126.7741182593321	0	0
37.234664631937	126.7741269269165	0	0
37.2346587114743	126.7741354467677	0	0
37.23465264859885	126.774143922606	0	0
37.23464658772511	126.7741521764133	0	0
37.23464045924435	126.7741602956029	0	0
37.23463420894735	126.7741683391309	0	0
37.23462780552084	126.7741763615452	0	0
37.23462137675784	126.7741842090356	0	0
37.23461483964079	126.7741920252388	0	0
37.23460830085926	126.7741996782904	0	0
37.23460170625639	126.7742072419419	0	0
37.23459494120625	126.7742148668334	0	0
37.23458812994721	126.7742224068584	0	0
37.23458138472255	126.774229752254	0	0
37.23457451203793	126.7742371111103	0	0
37.23456762039384	126.7742443824008	0	0
37.23456063611771	126.7742516492005	0	0
37.23455364080799	126.7742588237915	0	0
37.23454669361976	126.7742658529927	0	0
37.23453964035756	126.7742728918045	0	0
37.23453255156063	126.7742798847814	0	0
37.23452550327708	126.7742867549988	0	0
37.23451836580524	126.7742936421491	0	0
37.23451127390781	126.7743004397227	0	0
37.23450407856421	126.774307283707	0	0
37.23449685275125	126.7743141268212	0	0
37.23448972353648	126.7743208537843	0	0
37.23448257820139	126.7743275718395	0	0
37.23447542035063	126.7743342931942	0	0
37.23446815108502	126.7743411066848	0	0
37.23446084908434	126.774347946623	0	0
37.23445359716785	126.7743547373724	0	0
37.23444637306023	126.7743614996724	0	0
37.23443918488566	126.7743682292376	0	0
37.23443196071455	126.7743749926048	0	0
37.23442464547146	126.7743818424935	0	0
37.23441744162083	126.7743885907519	0	0
37.2344102883185	126.7743952937366	0	0
37.23440301141477	126.7744021164322	0	0
37.23439570794935	126.7744089679715	0	0
37.2343885149784	126.7744157201906	0	0
37.23438126340077	126.7744225331242	0	0
37.23437405562425	126.7744293102127	0	0
37.2343668593236	126.7744360808639	0	0
37.23435959420768	126.7744429205958	0	0
37.23435239128124	126.7744497060689	0	0
37.23434513616767	126.7744565461458	0	0
37.23433790536242	126.7744633665061	0	0
37.23433066713641	126.7744701943181	0	0
37.23432346057394	126.7744769931026	0	0
37.23431629962938	126.7744837488173	0	0
37.23430911045228	126.7744905306387	0	0
37.23430186575312	126.7744973624833	0	0
37.23429471567164	126.7745041011523	0	0
37.23428750807778	126.7745108849299	0	0
37.23428030411608	126.7745176576265	0	0
37.23427312100862	126.7745244009437	0	0
37.23426595388972	126.7745311189589	0	0
37.23425872809678	126.7745378788441	0	0
37.23425149919698	126.7745446310607	0	0
37.23424427924716	126.7745513704596	0	0
37.2342371188337	126.7745580498198	0	0
37.23422986219963	126.7745648182876	0	0
37.23422265746245	126.774571526354	0	0
37.23421542131702	126.7745782484884	0	0
37.23420818102691	126.7745849419784	0	0
37.23420093027697	126.7745916167511	0	0
37.2341936463402	126.7745983123879	0	0
37.23418641880733	126.7746049558856	0	0
37.23417921335217	126.7746115873556	0	0
37.23417192708594	126.7746183096594	0	0
37.23416467955661	126.7746250136994	0	0
37.23415741916023	126.7746317386208	0	0
37.23415019718748	126.7746384475602	0	0
37.23414297589789	126.7746451858766	0	0
37.23413575688069	126.7746519574178	0	0
37.23412862038456	126.7746586900201	0	0
37.23412149909979	126.7746654431813	0	0
37.23411436661316	126.774672232716	0	0
37.23410718342934	126.7746790644234	0	0
37.23410002913637	126.7746859257394	0	0
37.23409289186456	126.774692844304	0	0
37.23408594203	126.7746998899488	0	0
37.2340791281784	126.7747071407599	0	0
37.23407246486239	126.7747146523542	0	0
37.23406592175603	126.7747224328701	0	0
37.23405952997734	126.7747304511673	0	0
37.23405330967382	126.7747386009133	0	0
37.23404726434773	126.7747468599918	0	0
37.23404128626928	126.7747553519844	0	0
37.23403547204423	126.7747640138243	0	0
37.23402993533574	126.7747727652356	0	0
37.23402454282942	126.7747818733377	0	0
37.23401941968803	126.7747910809079	0	0
37.23401447184843	126.7748005434388	0	0
37.23400981280597	126.7748100630362	0	0
37.23400534118507	126.7748198446561	0	0
37.2340011119495	126.7748297200988	0	0
37.23399706381711	126.774839805771	0	0
37.2339932636303	126.7748499489778	0	0
37.23398966058994	126.7748602711204	0	0
37.2339862702611	126.774870691975	0	0
37.23398308626049	126.774881250727	0	0
37.23398014105094	126.7748918252559	0	0
37.23397738782612	126.7749026249479	0	0
37.23397483551889	126.7749134919562	0	0
37.23397247346804	126.7749243226912	0	0
37.2339703293469	126.774935239424	0	0
37.23396840523548	126.7749462140896	0	0
37.23396667128465	126.7749573236647	0	0
37.23396514402053	126.774968460737	0	0
37.23396381555372	126.7749795109585	0	0
37.23396273567534	126.7749906210695	0	0
37.2339618822683	126.7750017796903	0	0
37.23396128389737	126.7750129155189	0	0
37.23396096382982	126.7750241734747	0	0
37.23396085874707	126.7750353657624	0	0
37.23396104127052	126.7750467025931	0	0
37.23396147441537	126.7750579434331	0	0
37.23396213536115	126.775069236959	0	0
37.23396309470078	126.7750804350648	0	0
37.23396432791696	126.7750914942174	0	0
37.23396581065587	126.7751025553237	0	0
37.23396756406362	126.7751136175389	0	0
37.23396952812492	126.7751245157838	0	0
37.23397177439738	126.7751354388689	0	0
37.23397430877207	126.7751462976412	0	0
37.23397705516054	126.7751569659197	0	0
37.23398006965768	126.7751676106746	0	0
37.23398332025984	126.7751781409823	0	0
37.23398680489265	126.7751885944372	0	0
37.2339905129106	126.775198908287	0	0
37.23399443837455	126.7752090362649	0	0
37.2339985894286	126.7752190504719	0	0
37.23400297440317	126.7752289594472	0	0
37.23400752437109	126.7752385570677	0	0
37.23401232645891	126.7752480952085	0	0
37.23401729149798	126.7752574104193	0	0
37.23402244445307	126.7752665624907	0	0
37.23402780252768	126.7752756328083	0	0
37.23403330026982	126.7752845215032	0	0
37.23403897536097	126.7752933055601	0	0
37.23404479292373	126.7753019394353	0	0
37.23405071051812	126.7753103559381	0	0
37.23405681631382	126.7753186237858	0	0
37.23406311849194	126.7753267526332	0	0
37.23406953527059	126.7753346555145	0	0
37.23407611165199	126.7753423326966	0	0
37.23408282746387	126.7753497707569	0	0
37.23408971121424	126.77535700877	0	0
37.23409671320448	126.775363962851	0	0
37.23410390055251	126.7753706274244	0	0
37.23411135247451	126.775377003091	0	0
37.23411902041146	126.775383028957	0	0
37.2341268055816	126.7753886415202	0	0
37.2341347784858	126.77539389838	0	0
37.2341428955351	126.7753987734559	0	0
37.23415116001522	126.7754033239629	0	0
37.23415954368895	126.7754075355238	0	0
37.234167960745	126.7754114561182	0	0
37.23417645960065	126.7754151603904	0	0
37.23418499814261	126.775418573333	0	0
37.2341935542931	126.7754217438973	0	0
37.23420222840489	126.7754247462776	0	0
37.23421092903933	126.7754275115937	0	0
37.23421967180404	126.775430106027	0	0
37.23422847898815	126.7754325561283	0	0
37.23423721148716	126.775434851164	0	0
37.23424597450562	126.7754370163763	0	0
37.23425481194244	126.775439066891	0	0
37.23426367508682	126.7754409864859	0	0
37.23427260521176	126.7754427851244	0	0
37.23428150316208	126.7754444428011	0	0
37.23429041695007	126.7754459996815	0	0
37.23429926828913	126.7754474525138	0	0
37.23430827434964	126.7754488365322	0	0
37.23431715756937	126.7754501210953	0	0
37.23432609211472	126.7754513359968	0	0
37.23433508320194	126.7754524778557	0	0
37.23434408836105	126.7754535432029	0	0
37.2343531067288	126.7754545258011	0	0
37.23436208891675	126.7754554194565	0	0
37.2343710037315	126.7754562091884	0	0
37.23437992213198	126.7754569146811	0	0
37.23438883460813	126.77545751135	0	0
37.23439779160631	126.7754580060263	0	0
37.23440685337816	126.775458376706	0	0
37.23441591088492	126.7754586316924	0	0
37.23442493467288	126.7754587774703	0	0
37.23443396944675	126.7754588121068	0	0
37.23444290777798	126.7754587399835	0	0
37.23445199490042	126.775458556013	0	0
37.23446103710238	126.7754582209919	0	0
37.23447003132554	126.7754578199311	0	0
37.2344789462989	126.7754572924106	0	0
37.23448802617116	126.7754566472267	0	0
37.23449698722745	126.7754559009203	0	0
37.23450598535336	126.775455049376	0	0
37.23451503222739	126.7754540980814	0	0
37.23452407356344	126.7754530160942	0	0
37.23453307347565	126.7754518299198	0	0
37.23454202322386	126.7754505369784	0	0
37.23455097853733	126.7754491551163	0	0
37.23455990559205	126.77544766804	0	0
37.23456878767575	126.7754460811902	0	0
37.23457765074571	126.7754443759628	0	0
37.23458647943448	126.7754425580969	0	0
37.23459532722357	126.775440595711	0	0
37.23460426716489	126.7754384742828	0	0
37.23461317917083	126.7754362140709	0	0
37.23462203361159	126.7754338410637	0	0
37.23463077592293	126.7754313644005	0	0
37.23463948943429	126.7754287450187	0	0
37.23464833388172	126.7754259731709	0	0
37.23465707294791	126.7754231131209	0	0
37.23466579475083	126.7754201382237	0	0
37.23467441732183	126.7754170630139	0	0
37.23468300101131	126.7754138871233	0	0
37.23469164454024	126.7754105834894	0	0
37.23470017703382	126.7754072026978	0	0
37.23470874123223	126.7754036937689	0	0
37.23471732978319	126.7754000501213	0	0
37.23472587077936	126.7753963263666	0	0
37.23473434037682	126.7753925383378	0	0
37.23474272941678	126.7753886811292	0	0
37.23475119976163	126.7753846758871	0	0
37.2347595160398	126.7753806307043	0	0
37.2347679733836	126.7753764061006	0	0
37.23477631582066	126.7753721236744	0	0
37.23478464694576	126.7753677308596	0	0
37.23479286155647	126.7753632867815	0	0
37.23480111969649	126.7753587008149	0	0
37.23480936465533	126.7753540066811	0	0
37.23481754441658	126.7753492268485	0	0
37.23482562819416	126.7753443894943	0	0
37.23483380729376	126.7753393867261	0	0
37.23484195784036	126.7753342886153	0	0
37.23484996361423	126.7753291780107	0	0
37.23485799329386	126.7753239437108	0	0
37.2348658821621	126.7753186932423	0	0
37.23487380845432	126.7753133074341	0	0
37.23488177897865	126.7753077762345	0	0
37.23488967722038	126.7753021779237	0	0
37.23489747339578	126.7752965430082	0	0
37.23490527468435	126.7752907620661	0	0
37.23491305943111	126.7752848339043	0	0
37.23492073504261	126.7752788356219	0	0
37.23492836538189	126.7752727143927	0	0
37.23493595591288	126.7752664489808	0	0
37.23494349698403	126.7752600712926	0	0
37.23495086162735	126.7752537112829	0	0
37.2349582715935	126.7752471647397	0	0
37.23496558028425	126.7752405747626	0	0
37.23497281926606	126.7752339248521	0	0
37.23498003176492	126.7752271710923	0	0
37.23498719390334	126.7752203147545	0	0
37.23499421717791	126.7752134358897	0	0
37.23500127255038	126.775206365643	0	0
37.2350082847288	126.775199170586	0	0
37.23501523551391	126.7751918644509	0	0
37.23502211702503	126.7751844676468	0	0
37.2350289420835	126.7751769739037	0	0
37.23503570884437	126.7751693794424	0	0
37.23504238435699	126.7751617396288	0	0
37.23504900107461	126.7751540172368	0	0
37.23505551568672	126.7751462695865	0	0
37.23506208699652	126.7751383256918	0	0
37.23506855318797	126.7751303771861	0	0
37.2350749939925	126.7751223237491	0	0
37.2350812994111	126.775114320227	0	0
37.23508761790437	126.7751061763689	0	0
37.23509391916961	126.7750979403942	0	0
37.23510013086501	126.7750897122963	0	0
37.23510633527088	126.7750813727593	0	0
37.23511243975476	126.775073032039	0	0
37.23511851377305	126.7750645871602	0	0
37.23512453584317	126.7750560972683	0	0
37.23513044791413	126.7750476998321	0	0
37.23513642925635	126.7750392268384	0	0
37.23514225652451	126.7750306066209	0	0
37.23514788336961	126.775021670936	0	0
37.2351532740474	126.7750126104835	0	0
37.23515839350226	126.7750032848236	0	0
37.23516318558019	126.7749936425072	0	0
37.23516773183472	126.7749837313548	0	0
37.23517204663555	126.7749737845685	0	0
37.23517620170327	126.7749635688107	0	0
37.23518019669604	126.7749532660501	0	0
37.23518409708709	126.7749430710524	0	0
37.23518789153862	126.7749329085214	0	0
37.23519172930142	126.774922524404	0	0
37.23519551560801	126.7749123472789	0	0
37.23519933599101	126.7749020754423	0	0
37.23520321648192	126.774891706801	0	0
37.23520705193779	126.774881549819	0	0
37.2352109656039	126.7748712545347	0	0
37.23521492026418	126.7748609321498	0	0
37.23521879480704	126.7748508778054	0	0
37.2352227976383	126.7748405778805	0	0
37.23522683890872	126.77483038932	0	0
37.23523090367082	126.7748203650889	0	0
37.23523505580927	126.7748103262243	0	0
37.23523922072182	126.7748004372852	0	0
37.23524351697841	126.774790432901	0	0
37.23524786764448	126.7747803971105	0	0
37.23525218348632	126.7747704908839	0	0
37.23525656786425	126.7747605090372	0	0
37.2352609216401	126.7747506148883	0	0
37.23526524708193	126.7747407739159	0	0
37.23526966322845	126.7747307325502	0	0
37.23527407061831	126.7747206849971	0	0
37.23527838909493	126.7747108218128	0	0
37.23528267676001	126.7747009971107	0	0
37.23528694346503	126.7746911511354	0	0
37.23529126080652	126.7746811377181	0	0
37.23529553999575	126.7746711098889	0	0
37.23529977385925	126.7746610521797	0	0
37.23530391852807	126.7746510863503	0	0
37.23530801958815	126.7746410463223	0	0
37.23531204839404	126.7746309933446	0	0
37.23531602239449	126.7746209028324	0	0
37.2353199621869	126.7746106861755	0	0
37.23532387498955	126.7746003146269	0	0
37.23532763491588	126.7745901224747	0	0
37.23533130456906	126.774579889049	0	0
37.23533492557057	126.7745695018043	0	0
37.23533843052097	126.7745591710495	0	0
37.2353418937054	126.7745486562094	0	0
37.23534524164369	126.7745381783799	0	0
37.23534851808587	126.7745276319467	0	0
37.2353517117372	126.7745171113114	0	0
37.23535485058518	126.7745065236951	0	0
37.23535789408688	126.7744960257893	0	0
37.23536087105889	126.774485493333	0	0
37.23536378434519	126.7744749327557	0	0
37.23536664920861	126.7744643371981	0	0
37.23536950578443	126.7744535722579	0	0
37.2353723213967	126.7744427562776	0	0
37.23537508374777	126.7744319601755	0	0
37.23537770737946	126.7744211873262	0	0
37.23538035178113	126.774410429723	0	0
37.23538326316559	126.7743996786466	0	0
37.23538637973639	126.7743891413358	0	0
37.23538967751727	126.7743787589198	0	0
37.23539327862822	126.7743682888309	0	0
37.23539714142293	126.7743580510882	0	0
37.235401159882	126.7743477559377	0	0
37.23540519773277	126.7743374760455	0	0
37.23540929339215	126.7743272438808	0	0
37.2354132991962	126.7743170736923	0	0
37.23541719379455	126.774306968805	0	0
37.23542101599015	126.7742968122162	0	0
37.23542470061732	126.7742865546312	0	0
37.23542825831596	126.7742762446066	0	0
37.23543175032491	126.774265698802	0	0
37.23543506862361	126.7742551513716	0	0
37.23543828845847	126.7742444404706	0	0
37.23544129722118	126.774233863017	0	0
37.23544420299432	126.7742230087481	0	0
37.23544695233854	126.7742121391835	0	0
37.23544948570862	126.7742011319668	0	0
37.23545177161893	126.7741902225167	0	0
37.23545387324202	126.7741792865964	0	0
37.23545577102847	126.7741682347259	0	0
37.23545746888033	126.7741572084913	0	0
37.23545901426429	126.7741459669499	0	0
37.23546033655975	126.7741349174969	0	0
37.23546152104108	126.7741237048248	0	0
37.23546255564675	126.7741125588728	0	0
37.23546346439262	126.7741012050639	0	0
37.23546424619244	126.7740899678196	0	0
37.23546493467823	126.7740785331719	0	0
37.2354655277105	126.7740671614216	0	0
37.23546604519459	126.7740558963047	0	0
37.23546651126807	126.7740446949177	0	0
37.23546693560141	126.7740335248938	0	0
37.23546732029175	126.774022283881	0	0
37.23546766395305	126.7740108565046	0	0
37.23546797244714	126.773999433513	0	0
37.23546823107448	126.773988100867	0	0
37.23546843603473	126.7739767593819	0	0
37.23546860284318	126.773965308332	0	0
37.23546872814295	126.7739541318673	0	0
37.23546881491246	126.7739429616688	0	0
37.23546887520399	126.7739315570615	0	0
37.23546889903933	126.7739202395183	0	0
37.23546888778758	126.7739089698051	0	0
37.23546884931818	126.7738977215271	0	0
37.23546876577657	126.7738864075913	0	0
37.23546865649717	126.7738749484815	0	0
37.23546852422205	126.7738635383961	0	0
37.23546835729725	126.7738523247688	0	0
37.23546817424595	126.7738411164077	0	0
37.23546797755277	126.7738298722407	0	0
37.23546775995933	126.7738185817478	0	0
37.23546752453241	126.7738073680327	0	0
37.23546727933941	126.773796145294	0	0
37.23546702825619	126.7737849620302	0	0
37.23546675520339	126.773773617915	0	0
37.2354664692669	126.7737621720121	0	0
37.2354661824581	126.7737508559498	0	0
37.23546588303176	126.7737394079897	0	0
37.23546558187873	126.7737280056827	0	0
37.23546528005461	126.7737166795804	0	0
37.23546497981986	126.7737055000879	0	0
37.23546468166781	126.7736943390007	0	0
37.23546438387783	126.7736831327844	0	0
37.23546408393121	126.7736717843513	0	0
37.23546378598744	126.7736603967691	0	0
37.2354634900649	126.7736489937899	0	0
37.23546319651609	126.7736375722116	0	0
37.23546291051876	126.7736263136893	0	0
37.23546262883431	126.7736151162862	0	0
37.23546234952335	126.773603887944	0	0
37.23546206904454	126.7735924736975	0	0
37.23546179161498	126.7735810547154	0	0
37.23546151595379	126.7735695959657	0	0
37.23546125050436	126.7735584431481	0	0
37.23546098507308	126.7735472256503	0	0
37.23546071863177	126.7735359485271	0	0
37.2354604536084	126.7735247087211	0	0
37.23546019010377	126.7735134985373	0	0
37.23545992432517	126.773502144653	0	0
37.23545966290366	126.7734909395165	0	0
37.23545939911237	126.7734795815145	0	0
37.23545913639808	126.7734681913905	0	0
37.23545887571454	126.7734568169168	0	0
37.23545861524171	126.7734453856477	0	0
37.23545835668862	126.7734339510233	0	0
37.23545810447579	126.7734227565154	0	0
37.23545784829463	126.773411406087	0	0
37.23545759443792	126.7734002245921	0	0
37.2354573371251	126.7733889237643	0	0
37.23545707836276	126.7733775701098	0	0
37.23545682038362	126.7733662686148	0	0
37.23545656428769	126.7733550458357	0	0
37.23545630660723	126.773343722729	0	0
37.23545604933445	126.7733323949345	0	0
37.23545579216221	126.773321104367	0	0
37.23545553301116	126.7733097983933	0	0
37.23545527372139	126.7732985312263	0	0
37.23545501056951	126.7732870997494	0	0
37.23545474731333	126.7732756646806	0	0
37.2354544888932	126.7732644453997	0	0
37.23545422468995	126.773252975937	0	0
37.23545396448516	126.7732416769891	0	0
37.2354537054583	126.7732304290095	0	0
37.23545344175127	126.7732189840298	0	0
37.23545318133546	126.77320769387	0	0
37.23545292147301	126.773196431683	0	0
37.23545265965696	126.773185071322	0	0
37.23545239938804	126.7731737589295	0	0
37.23545213596644	126.7731623411294	0	0
37.23545187660938	126.7731511590542	0	0
37.2354516131555	126.7731398411869	0	0
37.23545135052222	126.7731285810037	0	0
37.23545108390266	126.7731171746587	0	0
37.23545081928189	126.7731058764675	0	0
37.23545055612816	126.7730946523848	0	0
37.23545029065949	126.7730833455821	0	0
37.23545002800793	126.7730721700972	0	0
37.23544975886147	126.7730607005544	0	0
37.23544949054445	126.7730492565158	0	0
37.23544922274954	126.7730378131419	0	0
37.23544895930424	126.7730265029218	0	0
37.23544869502192	126.7730151027963	0	0
37.23544843171847	126.7730037077767	0	0
37.23544816942944	126.7729923484843	0	0
37.23544791154795	126.7729811616081	0	0
37.23544765460378	126.7729699513224	0	0
37.23544740120739	126.7729587885067	0	0
37.23544714648092	126.7729474853323	0	0
37.23544688995631	126.7729360501974	0	0
37.23544663659816	126.7729247026557	0	0
37.23544638268586	126.7729132921822	0	0
37.23544612804135	126.7729018354648	0	0
37.23544587427048	126.772890387215	0	0
37.23544562437682	126.7728791094844	0	0
37.23544537017271	126.7728676835745	0	0
37.23544511867016	126.7728564065305	0	0
37.23544486354577	126.7728450276563	0	0
37.23544460823491	126.7728337508275	0	0
37.23544434854053	126.7728223885257	0	0
37.23544408742536	126.772811074953	0	0
37.23544382507605	126.772799817594	0	0
37.23544356145322	126.772788616939	0	0
37.23544328956614	126.7727771822802	0	0
37.23544301647438	126.7727658613973	0	0
37.23544274395667	126.772754709071	0	0
37.23544246630722	126.7727433998067	0	0
37.2354421864232	126.7727320381007	0	0
37.23544190940752	126.7727208398782	0	0
37.23544162920302	126.772709479886	0	0
37.2354413504906	126.7726981236141	0	0
37.23544107067394	126.7726867064653	0	0
37.23544079610146	126.7726755260555	0	0
37.23544051865448	126.7726642740835	0	0
37.23544023790145	126.7726528755418	0	0
37.23543996265626	126.7726416217398	0	0
37.23543968606612	126.7726302497329	0	0
37.23543941147364	126.7726189077004	0	0
37.23543914168192	126.772607710188	0	0
37.23543887202946	126.7725964703262	0	0
37.23543860307383	126.7725852429006	0	0
37.23543833139087	126.7725738866985	0	0
37.23543805990656	126.772562527141	0	0
37.23543779120454	126.7725512899255	0	0
37.23543751978854	126.7725399407316	0	0
37.23543724826893	126.7725285839639	0	0
37.23543697709352	126.7725172357809	0	0
37.23543670668791	126.7725059209439	0	0
37.23543643794338	126.7724946907709	0	0
37.23543617036152	126.7724835017585	0	0
37.23543589980774	126.772472138744	0	0
37.23543563302539	126.7724609055358	0	0
37.23543536466424	126.7724496172853	0	0
37.235435096914	126.7724383306399	0	0
37.23543483308428	126.7724271194936	0	0
37.23543456912857	126.7724158902241	0	0
37.23543430343563	126.7724046185231	0	0
37.23543403810312	126.7723933832431	0	0
37.23543377066024	126.7723820766078	0	0
37.23543350737209	126.7723709224244	0	0
37.23543324371835	126.7723597669942	0	0
37.23543297888799	126.772348581991	0	0
37.23543271749251	126.7723373672074	0	0
37.23543245694792	126.7723261272744	0	0
37.23543219950402	126.7723149410215	0	0
37.2354319437451	126.7723037392459	0	0
37.2354316890431	126.7722925517719	0	0
37.23543143564675	126.7722813754637	0	0
37.23543118418125	126.772270178628	0	0
37.23543093742681	126.7722590211188	0	0
37.23543069028474	126.7722478059112	0	0
37.23543044065996	126.7722366336609	0	0
37.23543019248481	126.7722254465767	0	0
37.23542994203736	126.7722142717232	0	0
37.23542969191067	126.7722030744514	0	0
37.23542944004654	126.7721919171576	0	0
37.23542918845859	126.7721807352564	0	0
37.23542894921722	126.7721695820318	0	0
37.23542870805883	126.772158421586	0	0
37.23542846459318	126.7721472592595	0	0
37.23542834753658	126.7721418592023	0	0
