37.2433201278864	126.7759260896246	0	0
37.24331548254494	126.7759262735466	0	0
37.24331099140063	126.7759264508696	0	0
37.24330642966549	126.7759266303077	0	0
37.24330183972894	126.7759268099423	0	0
37.24329726973129	126.7759269875796	0	0
37.24329265524202	126.775927165667	0	0
37.24328811588646	126.7759273399799	0	0
37.24328353255599	126.775927514764	0	0
37.2432790602855	126.7759276841052	0	0
37.24327449305767	126.7759278559667	0	0
37.24326999254438	126.7759280241853	0	0
37.24326530852517	126.775928198343	0	0
37.24326081903698	126.7759283645266	0	0
37.24325618866265	126.7759285352112	0	0
37.24325153555267	126.7759287059515	0	0
37.24324698183957	126.775928872235	0	0
37.24324248466725	126.7759290357714	0	0
37.24323801560946	126.7759291977484	0	0
37.24323354623997	126.7759293593538	0	0
37.24322888735003	126.7759295274473	0	0
37.24322429697975	126.7759296925663	0	0
37.2432196950955	126.7759298576743	0	0
37.24321521538619	126.7759300180944	0	0
37.2432105783892	126.7759301839427	0	0
37.24320602202646	126.775930346551	0	0
37.24320135795036	126.7759305126455	0	0
37.24319683012627	126.7759306737024	0	0
37.24319221053526	126.775930837979	0	0
37.24318775183514	126.7759309966116	0	0
37.24318316067909	126.7759311601074	0	0
37.24317866947254	126.7759313201175	0	0
37.24317409453565	126.7759314831009	0	0
37.2431695024451	126.7759316466084	0	0
37.24316495977749	126.7759318081909	0	0
37.24316027754463	126.7759319744664	0	0
37.24315571323505	126.7759321364399	0	0
37.24315121012603	126.7759322962052	0	0
37.24314651236848	126.7759324626641	0	0
37.2431418602681	126.7759326271053	0	0
37.24313724225427	126.7759327897561	0	0
37.24313264604249	126.7759329508527	0	0
37.24312806963634	126.7759331104552	0	0
37.24312352808993	126.7759332683533	0	0
37.24311903732224	126.7759334243236	0	0
37.24311438255562	126.7759335861746	0	0
37.2431097456889	126.775933747926	0	0
37.24310516229685	126.7759339080369	0	0
37.2431004542661	126.775934072614	0	0
37.24309581355659	126.7759342349842	0	0
37.24309134346515	126.7759343916634	0	0
37.24308685383437	126.7759345501932	0	0
37.24308237685871	126.7759347089263	0	0
37.24307786088747	126.7759348694656	0	0
37.24307329211021	126.7759350334218	0	0
37.24306876716226	126.7759351961083	0	0
37.24306407083387	126.7759353651463	0	0
37.24305959242056	126.7759355265104	0	0
37.24305488042801	126.7759356965056	0	0
37.24305032039236	126.7759358613365	0	0
37.24304560764661	126.7759360323809	0	0
37.24304108223687	126.775936197429	0	0
37.24303641545279	126.7759363680893	0	0
37.24303183435097	126.7759365356166	0	0
37.24302729541513	126.7759367011116	0	0
37.24302275529964	126.7759368656711	0	0
37.24301823662521	126.7759370287841	0	0
37.24301376837266	126.7759371897669	0	0
37.24300908860101	126.7759373578374	0	0
37.24300442773266	126.7759375244776	0	0
37.24299976662555	126.775937690172	0	0
37.2429950849296	126.7759378554278	0	0
37.24299038004455	126.7759380203337	0	0
37.24298567863384	126.7759381843222	0	0
37.24298100884164	126.7759383467938	0	0
37.24297639881213	126.7759385071488	0	0
37.24297188348557	126.7759386644976	0	0
37.24296732284083	126.7759388232774	0	0
37.24296265139354	126.7759389857423	0	0
37.2429581734716	126.7759391415791	0	0
37.24295353018734	126.775939303531	0	0
37.2429488328287	126.7759394679229	0	0
37.24294420736015	126.7759396304171	0	0
37.24293958948567	126.7759397930569	0	0
37.24293488856821	126.7759399588947	0	0
37.24293027450273	126.7759401218453	0	0
37.24292565725478	126.77594028501	0	0
37.24292108498457	126.7759404466014	0	0
37.24291657078022	126.7759406061279	0	0
37.24291195151255	126.7759407694733	0	0
37.2429074705288	126.7759409281706	0	0
37.24290284326224	126.7759410923355	0	0
37.24289812228308	126.7759412601654	0	0
37.24289365196188	126.7759414194139	0	0
37.24288890425353	126.7759415887662	0	0
37.24288434897022	126.7759417514108	0	0
37.24287983256072	126.7759419127878	0	0
37.24287521201293	126.7759420779936	0	0
37.2428706518215	126.7759422411497	0	0
37.24286604528012	126.7759424061059	0	0
37.24286156453037	126.7759425667015	0	0
37.24285688002288	126.7759427347446	0	0
37.24285239837314	126.7759428956316	0	0
37.24284779005609	126.7759430611632	0	0
37.24284322307683	126.7759432253869	0	0
37.24283876305974	126.7759433859545	0	0
37.24283425242015	126.7759435484478	0	0
37.24282952071992	126.7759437189379	0	0
37.2428249740105	126.7759438827152	0	0
37.24282050010738	126.7759440437219	0	0
37.24281603675803	126.7759442042247	0	0
37.24281154146995	126.7759443658399	0	0
37.24280698362917	126.7759445296093	0	0
37.2428024416994	126.7759446926705	0	0
37.24279789610297	126.7759448557191	0	0
37.24279336623307	126.7759450180269	0	0
37.24278883618749	126.7759451802117	0	0
37.24278420922758	126.7759453457771	0	0
37.24277963023793	126.7759455095647	0	0
37.24277499519751	126.7759456753168	0	0
37.24277049708573	126.7759458361377	0	0
37.24276589452178	126.7759460006023	0	0
37.24276126267392	126.7759461660479	0	0
37.24275659025358	126.7759463329363	0	0
37.2427521067103	126.7759464931271	0	0
37.2427475251006	126.7759466569305	0	0
37.24274297601465	126.7759468196935	0	0
37.2427382748026	126.775946987929	0	0
37.24273373635349	126.775947150288	0	0
37.2427291416335	126.7759473145359	0	0
37.24272452921894	126.7759474792191	0	0
37.24272006995672	126.7759476381157	0	0
37.24271543868584	126.7759478028561	0	0
37.24271074321839	126.7759479697501	0	0
37.24270609136634	126.7759481351077	0	0
37.24270159094181	126.7759482952389	0	0
37.24269709575132	126.7759484555241	0	0
37.24269255352434	126.7759486178142	0	0
37.24268800709958	126.7759487801994	0	0
37.24268345361374	126.7759489431426	0	0
37.24267898581965	126.7759491037017	0	0
37.24267433352133	126.7759492717868	0	0
37.24266960094606	126.7759494439834	0	0
37.242665001367	126.7759496125055	0	0
37.24266049181114	126.7759497784262	0	0
37.24265591732983	126.7759499472013	0	0
37.24265140133614	126.7759501141153	0	0
37.24264678779416	126.7759502847918	0	0
37.24264223126534	126.7759504534226	0	0
37.24263761142568	126.7759506247419	0	0
37.24263313134912	126.775950791203	0	0
37.24262851212819	126.7759509630758	0	0
37.24262396183143	126.7759511325092	0	0
37.24261943619263	126.7759513010178	0	0
37.24261477598279	126.7759514741865	0	0
37.24261024026963	126.7759516425056	0	0
37.24260573222719	126.7759518100784	0	0
37.24260115502953	126.775951981008	0	0
37.24259665444639	126.7759521502377	0	0
37.24259214286563	126.7759523211789	0	0
37.2425876754702	126.7759524914828	0	0
37.24258312996962	126.7759526656432	0	0
37.24257862666913	126.7759528389935	0	0
37.24257403816497	126.7759530164721	0	0
37.24256955105804	126.7759531910024	0	0
37.24256492062742	126.7759533726066	0	0
37.24256043322769	126.7759535500223	0	0
37.24255590998517	126.7759537295205	0	0
37.24255140697027	126.7759539079664	0	0
37.24254675804811	126.7759540916167	0	0
37.24254207946546	126.7759542765653	0	0
37.24253737332486	126.7759544626113	0	0
37.24253282231501	126.7759546423853	0	0
37.24252825516173	126.7759548225275	0	0
37.24252378766731	126.7759549983276	0	0
37.24251925314777	126.7759551761627	0	0
37.24251457448734	126.7759553595314	0	0
37.24250995631892	126.7759555404132	0	0
37.24250539453302	126.7759557186192	0	0
37.24250088502008	126.7759558939604	0	0
37.24249642367062	126.7759560662479	0	0
37.24249173957934	126.7759562455071	0	0
37.2424872754499	126.7759564152528	0	0
37.24248281111552	126.7759565841511	0	0
37.2424781661841	126.7759567589335	0	0
37.24247369181714	126.7759569262703	0	0
37.2424690271773	126.7759570994043	0	0
37.242464443881	126.7759572680889	0	0
37.24245985346799	126.7759574359297	0	0
37.24245521270396	126.7759576043138	0	0
37.2424507262146	126.7759577661717	0	0
37.24244617421085	126.7759579297925	0	0
37.24244144585598	126.7759580986859	0	0
37.24243690625172	126.7759582601402	0	0
37.24243221461172	126.7759584265064	0	0
37.24242752912967	126.7759585922662	0	0
37.24242300799926	126.7759587519009	0	0
37.24241853220083	126.7759589096387	0	0
37.2424140405061	126.77595906753	0	0
37.2424094395334	126.7759592288501	0	0
37.24240486831561	126.7759593887942	0	0
37.24240021051521	126.7759595515468	0	0
37.24239561256368	126.7759597121167	0	0
37.24239098174995	126.7759598736751	0	0
37.24238639877994	126.775960033335	0	0
37.24238172498358	126.7759601959964	0	0
37.24237708469651	126.7759603573756	0	0
37.24237260225438	126.7759605131889	0	0
37.24236790299347	126.7759606764918	0	0
37.24236340910464	126.7759608326256	0	0
37.24235879747366	126.7759609927804	0	0
37.24235417699399	126.775961153153	0	0
37.24234957032246	126.7759613129495	0	0
37.24234499952137	126.7759614714137	0	0
37.24234034157691	126.7759616327528	0	0
37.24233567248829	126.7759617943432	0	0
37.24233114118167	126.7759619511181	0	0
37.24232645616421	126.7759621132417	0	0
37.24232179830435	126.7759622745189	0	0
37.24231709014032	126.7759624375467	0	0
37.24231241058043	126.7759625995722	0	0
37.2423078914671	126.7759627560894	0	0
37.24230334663783	126.7759629135949	0	0
37.2422988599715	126.7759630692362	0	0
37.2422942501561	126.7759632293814	0	0
37.24228978749631	126.7759633846217	0	0
37.24228513984691	126.7759635464598	0	0
37.24228054720361	126.7759637065596	0	0
37.24227598437122	126.7759638658056	0	0
37.24227142615462	126.7759640250825	0	0
37.24226678028098	126.7759641876337	0	0
37.24226215184532	126.7759643498255	0	0
37.24225758445126	126.7759645100465	0	0
37.24225311471394	126.77596466697	0	0
37.24224856050612	126.7759648269962	0	0
37.24224404258702	126.7759649859866	0	0
37.24223955813412	126.7759651445737	0	0
37.24223500494153	126.7759653055018	0	0
37.24223045694883	126.7759654658056	0	0
37.24222575711367	126.7759656314623	0	0
37.24222115810622	126.7759657935662	0	0
37.24221649641226	126.7759659578881	0	0
37.24221190258739	126.7759661198957	0	0
37.24220722489849	126.7759662848903	0	0
37.24220264120867	126.7759664465368	0	0
37.24219801336902	126.7759666096558	0	0
37.24219345611336	126.7759667701481	0	0
37.24218876886989	126.7759669350792	0	0
37.24218405707986	126.7759671009332	0	0
37.24217933990671	126.7759672669039	0	0
37.24217466105399	126.7759674312861	0	0
37.24217006422523	126.7759675923746	0	0
37.24216559312402	126.7759677484642	0	0
37.24216102900282	126.7759679071077	0	0
37.24215635324856	126.7759680690716	0	0
37.24215176200455	126.7759682277274	0	0
37.24214720709728	126.7759683849564	0	0
37.24214264035325	126.7759685426401	0	0
37.24213810967581	126.7759686990574	0	0
37.24213345300171	126.7759688595806	0	0
37.24212878377174	126.7759690205108	0	0
37.2421242165129	126.7759691781202	0	0
37.24211967378189	126.7759693352398	0	0
37.24211509805647	126.7759694939265	0	0
37.24211054634095	126.7759696521065	0	0
37.24210585648479	126.7759698153344	0	0
37.24210139178055	126.7759699709028	0	0
37.24209667432575	126.7759701354214	0	0
37.24209206657668	126.7759702962218	0	0
37.24208757297082	126.7759704532955	0	0
37.24208285841085	126.7759706184708	0	0
37.24207817813534	126.7759707826022	0	0
37.24207352190555	126.7759709458076	0	0
37.24206887948264	126.7759711082048	0	0
37.24206423603609	126.7759712700905	0	0
37.24205952197833	126.7759714340537	0	0
37.24205503980514	126.7759715897054	0	0
37.24205033672318	126.7759717527702	0	0
37.24204575426155	126.7759719113809	0	0
37.242041134371	126.7759720709748	0	0
37.24203664318637	126.7759722257349	0	0
37.24203215931912	126.7759723797921	0	0
37.24202763884466	126.7759725348058	0	0
37.24202312194067	126.7759726896806	0	0
37.2420185614326	126.7759728462707	0	0
37.24201387518336	126.7759730071306	0	0
37.24200930297508	126.7759731639212	0	0
37.24200480229359	126.7759733183371	0	0
37.24200021544567	126.7759734759638	0	0
37.24199566095648	126.7759736329131	0	0
37.24199097204533	126.7759737951985	0	0
37.24198626186829	126.7759739591477	0	0
37.2419816523077	126.7759741201501	0	0
37.24197711473281	126.7759742792397	0	0
37.24197263970537	126.7759744368355	0	0
37.24196795912641	126.7759746025394	0	0
37.24196332688479	126.7759747675361	0	0
37.24195872103282	126.7759749328318	0	0
37.24195413495706	126.7759750987541	0	0
37.24194960030643	126.775975263856	0	0
37.24194490518909	126.7759754356089	0	0
37.24194034130034	126.7759756030665	0	0
37.24193573772746	126.7759757722427	0	0
37.24193125263831	126.7759759377889	0	0
37.24192674854926	126.7759761047495	0	0
37.24192217998446	126.7759762744492	0	0
37.2419175130577	126.7759764477204	0	0
37.24191284285159	126.7759766208742	0	0
37.24190829527112	126.77597678959	0	0
37.24190379898339	126.7759769564531	0	0
37.24189918990523	126.7759771274847	0	0
37.24189456292937	126.7759772991007	0	0
37.24189001294857	126.7759774677168	0	0
37.24188531920365	126.7759776414402	0	0
37.24188059609457	126.7759778160757	0	0
37.24187586709019	126.7759779908012	0	0
37.24187119313039	126.775978163398	0	0
37.24186663515498	126.7759783316476	0	0
37.24186200320717	126.7759785025902	0	0
37.2418574139589	126.7759786719634	0	0
37.24185290327654	126.7759788384661	0	0
37.24184834626314	126.7759790066271	0	0
37.24184378253238	126.7759791748864	0	0
37.24183925296219	126.7759793416657	0	0
37.24183467708639	126.7759795099092	0	0
37.24183017843096	126.7759796751213	0	0
37.24182556558366	126.7759798443515	0	0
37.24182087640514	126.7759800162128	0	0
37.24181641176884	126.7759801796924	0	0
37.2418119447125	126.7759803431134	0	0
37.24180738060105	126.7759805099168	0	0
37.24180267545453	126.7759806817048	0	0
37.24179821485959	126.7759808444247	0	0
37.24179354389324	126.7759810146802	0	0
37.24178904917792	126.7759811783722	0	0
37.24178436714558	126.7759813487187	0	0
37.24177972006829	126.7759815176767	0	0
37.24177523072834	126.7759816807768	0	0
37.24177060762378	126.7759818485231	0	0
37.24176614183054	126.7759820103218	0	0
37.2417616623623	126.7759821724015	0	0
37.24175697944408	126.7759823416168	0	0
37.24175228651661	126.775982510988	0	0
37.24174774258431	126.7759826747955	0	0
37.24174318043215	126.7759828390663	0	0
37.24173870290669	126.7759830000755	0	0
37.24173413683835	126.7759831640051	0	0
37.24172965962504	126.7759833245124	0	0
37.24172496648044	126.7759834925342	0	0
37.24172032381889	126.7759836585223	0	0
37.24171573336595	126.7759838224245	0	0
37.24171119684721	126.7759839841881	0	0
37.24170649609504	126.7759841515794	0	0
37.24170193137432	126.7759843138871	0	0
37.24169742912998	126.7759844737579	0	0
37.24169290859921	126.7759846340968	0	0
37.24168828901913	126.775984797809	0	0
37.24168374904946	126.7759849585912	0	0
37.24167903220375	126.7759851253331	0	0
37.24167446576731	126.7759852865445	0	0
37.24166984412688	126.7759854496352	0	0
37.24166521950255	126.7759856128919	0	0
37.24166064411446	126.7759857746012	0	0
37.24165614544179	126.7759859338846	0	0
37.24165161143218	126.775986094532	0	0
37.24164707123265	126.7759862555064	0	0
37.24164258570666	126.7759864146959	0	0
37.24163796355838	126.7759865789568	0	0
37.2416333049795	126.7759867448333	0	0
37.24162876301342	126.7759869069451	0	0
37.24162418173162	126.7759870707989	0	0
37.24161955330636	126.7759872366676	0	0
37.24161497334232	126.7759874010263	0	0
37.24161042762281	126.7759875642484	0	0
37.24160592390455	126.7759877260652	0	0
37.24160139445466	126.7759878889658	0	0
37.2415966832909	126.7759880585659	0	0
37.24159215909768	126.7759882215984	0	0
37.24158761954875	126.7759883853604	0	0
37.24158313524237	126.7759885473281	0	0
37.24157861748897	126.7759887107464	0	0
37.24157398539792	126.7759888785325	0	0
37.24156932126587	126.7759890476711	0	0
37.24156470738942	126.7759892151472	0	0
37.24156022606525	126.7759893779456	0	0
37.24155570194748	126.7759895424211	0	0
37.24155102957146	126.7759897124479	0	0
37.24154646285447	126.7759898788513	0	0
37.24154185498139	126.7759900469166	0	0
37.24153722561639	126.7759902158203	0	0
37.24153259846866	126.7759903845812	0	0
37.24152789501037	126.7759905560293	0	0
37.24152325044141	126.7759907253173	0	0
37.24151875348115	126.7759908892187	0	0
37.24151420144143	126.7759910551242	0	0
37.24150964550704	126.7759912211705	0	0
37.24150513686291	126.7759913854948	0	0
37.24150060676252	126.7759915506532	0	0
37.24149600148391	126.7759917186113	0	0
37.24149139474867	126.7759918866203	0	0
37.24148686027836	126.7759920519314	0	0
37.24148221977033	126.7759922209711	0	0
37.24147759710867	126.7759923891266	0	0
37.24147311859281	126.7759925518748	0	0
37.241468482343	126.7759927202151	0	0
37.2414638991218	126.7759928864598	0	0
37.2414593359834	126.7759930518105	0	0
37.2414548399847	126.7759932145795	0	0
37.24145033489783	126.775993377441	0	0
37.24144583527089	126.7759935399466	0	0
37.2414412882648	126.7759937040715	0	0
37.24143662901054	126.7759938722017	0	0
37.24143215041664	126.775994033819	0	0
37.24142768751664	126.7759941949334	0	0
37.24142314056134	126.775994359055	0	0
37.24141858568423	126.7759945234526	0	0
37.24141403047453	126.7759946879428	0	0
37.24140953009405	126.7759948509494	0	0
37.24140506202939	126.7759950130286	0	0
37.24140054058143	126.7759951771312	0	0
37.24139582024283	126.7759953484647	0	0
37.24139125848178	126.7759955140422	0	0
37.24138675821661	126.7759956773782	0	0
37.24138211402898	126.7759958459049	0	0
37.2413776501749	126.7759960078449	0	0
37.24137305091341	126.7759961746956	0	0
37.24136841552946	126.7759963429044	0	0
37.2413637537421	126.7759965121476	0	0
37.24135914822013	126.7759966794521	0	0
37.24135458444793	126.7759968453188	0	0
37.24135009568465	126.7759970085	0	0
37.24134556044224	126.7759971733928	0	0
37.2413408437158	126.7759973448921	0	0
37.24133620652053	126.7759975134903	0	0
37.24133174018998	126.7759976758436	0	0
37.24132725953462	126.7759978386985	0	0
37.24132261712094	126.7759980074271	0	0
37.24131799673925	126.7759981753639	0	0
37.24131334566508	126.7759983444368	0	0
37.24130884744172	126.7759985079419	0	0
37.24130432013289	126.7759986724776	0	0
37.24129986161466	126.7759988345309	0	0
37.24129527565356	126.7759990012707	0	0
37.24129061134973	126.7759991709496	0	0
37.2412859141713	126.7759993419544	0	0
37.24128125245478	126.7759995119281	0	0
37.24127664510639	126.7759996801166	0	0
37.24127195885971	126.7759998512646	0	0
37.24126734089027	126.7760000199001	0	0
37.24126265613787	126.7760001908433	0	0
37.24125814697416	126.7760003550886	0	0
37.24125366757989	126.7760005179078	0	0
37.24124913842697	126.7760006825666	0	0
37.24124454330167	126.7760008492828	0	0
37.24123987801386	126.7760010178371	0	0
37.24123541786295	126.7760011783163	0	0
37.24123082275605	126.7760013428455	0	0
37.24122634456457	126.7760015026989	0	0
37.24122165507412	126.7760016697496	0	0
37.24121696015713	126.7760018367106	0	0
37.24121246568594	126.7760019962952	0	0
37.24120783868415	126.776002160298	0	0
37.24120326071093	126.7760023221707	0	0
37.24119863367316	126.7760024853652	0	0
37.24119399418569	126.7760026486323	0	0
37.2411893600827	126.7760028115493	0	0
37.24118475693629	126.7760029734679	0	0
37.2411801344137	126.7760031360883	0	0
37.24117562956286	126.7760032945073	0	0
37.24117099332651	126.7760034574889	0	0
37.24116643904327	126.7760036175388	0	0
37.24116196505502	126.7760037747243	0	0
37.24115724288635	126.7760039405802	0	0
37.24115255923213	126.7760041050324	0	0
37.24114802880693	126.7760042640592	0	0
37.24114345093454	126.7760044247059	0	0
37.24113889529075	126.776004584524	0	0
37.24113443155139	126.7760047410649	0	0
37.24112975680253	126.7760049050288	0	0
37.24112506781081	126.7760050695529	0	0
37.24112039869144	126.7760052333328	0	0
37.24111578396356	126.7760053950493	0	0
37.24111125814641	126.7760055533835	0	0
37.24110660133028	126.7760057158809	0	0
37.24110209374417	126.776005872821	0	0
37.24109745997061	126.7760060339059	0	0
37.24109291740615	126.7760061915413	0	0
37.24108842901855	126.7760063469979	0	0
37.2410839577756	126.776006501546	0	0
37.24107949886853	126.776006655329	0	0
37.24107488193032	126.7760068141811	0	0
37.24107030287795	126.7760069714229	0	0
37.24106571266559	126.7760071288399	0	0
37.24106106224738	126.7760072882175	0	0
37.24105656990115	126.7760074421188	0	0
37.24105207606762	126.7760075958482	0	0
37.24104754739215	126.7760077506229	0	0
37.2410429366204	126.7760079081684	0	0
37.2410384499677	126.7760080615416	0	0
37.24103380320019	126.7760082205454	0	0
37.24102911534327	126.776008381037	0	0
37.24102447776546	126.7760085398448	0	0
37.24101975424818	126.776008701661	0	0
37.24101507478827	126.7760088620641	0	0
37.24101056938257	126.776009016633	0	0
37.24100587054187	126.7760091780494	0	0
37.24100139151587	126.7760093321117	0	0
37.2409968032056	126.7760094900936	0	0
37.24099214663095	126.7760096506112	0	0
37.2409875912243	126.7760098078042	0	0
37.24098292746591	126.7760099688597	0	0
37.2409784257549	126.7760101246043	0	0
37.24097373308432	126.7760102872106	0	0
37.24096918994283	126.7760104447218	0	0
37.24096459995962	126.7760106038078	0	0
37.24096002311528	126.7760107622605	0	0
37.24095550991557	126.7760109182351	0	0
37.24095099553319	126.7760110742465	0	0
37.24094646540145	126.776011230766	0	0
37.24094193359644	126.7760113871545	0	0
37.24093741419431	126.7760115427728	0	0
37.24093292127122	126.7760116969817	0	0
37.24092820150116	126.7760118582543	0	0
37.2409234851268	126.7760120186239	0	0
37.24091878242675	126.7760121779892	0	0
37.24091411496368	126.7760123358908	0	0
37.24090950430016	126.7760124918689	0	0
37.24090497199881	126.7760126454642	0	0
37.24090030575567	126.7760128035599	0	0
37.24089575562413	126.7760129571245	0	0
37.24089126683252	126.7760131087432	0	0
37.24088678395664	126.7760132610469	0	0
37.24088225157227	126.7760134166668	0	0
37.24087760826638	126.776013578569	0	0
37.2408730782319	126.7760137394457	0	0
37.24086849231496	126.7760139044496	0	0
37.24086393034242	126.7760140699949	0	0
37.24085947214118	126.776014232496	0	0
37.24085496704718	126.7760143967604	0	0
37.24085034421259	126.7760145659119	0	0
37.24084578859299	126.7760147338795	0	0
37.24084127852743	126.7760149005597	0	0
37.24083678416653	126.7760150660805	0	0
37.24083212409282	126.7760152364095	0	0
37.24082747165966	126.7760154054099	0	0
37.2408227931156	126.776015574745	0	0
37.24081828015095	126.7760157376683	0	0
37.24081379401974	126.7760158993007	0	0
37.24080920278926	126.7760160644354	0	0
37.24080469815454	126.7760162261847	0	0
37.24080006424005	126.7760163921547	0	0
37.24079542838358	126.7760165577895	0	0
37.24079085035659	126.7760167211164	0	0
37.24078637904653	126.776016880597	0	0
37.24078189070863	126.7760170407941	0	0
37.24077741245416	126.7760172005538	0	0
37.24077279580097	126.7760173651664	0	0
37.24076811849449	126.7760175319374	0	0
37.2407634582802	126.7760176981721	0	0
37.24075889290358	126.7760178611759	0	0
37.24075423745307	126.7760180276224	0	0
37.24074969883461	126.7760181900676	0	0
37.24074521357433	126.7760183507177	0	0
37.24074071964584	126.7760185117295	0	0
37.2407361550227	126.7760186752601	0	0
37.24073146226944	126.7760188433355	0	0
37.24072690710845	126.7760190066151	0	0
37.24072228159257	126.7760191724707	0	0
37.24071761837106	126.7760193395993	0	0
37.24071295009312	126.7760195066976	0	0
37.24070830940801	126.7760196724629	0	0
37.24070372122853	126.7760198359234	0	0
37.2406991688377	126.7760199977697	0	0
37.24069462215218	126.7760201591719	0	0
37.24069005110776	126.776020321298	0	0
37.2406854256402	126.7760204853161	0	0
37.24068071394861	126.776020652449	0	0
37.24067613625803	126.7760208147876	0	0
37.24067146567656	126.7760209803461	0	0
37.24066676102748	126.7760211470743	0	0
37.24066208113403	126.7760213129221	0	0
37.24065748481952	126.7760214758394	0	0
37.2406527701229	126.7760216430224	0	0
37.24064819069873	126.7760218054553	0	0
37.24064370012033	126.776021964764	0	0
37.24063901626663	126.7760221309504	0	0
37.24063434811123	126.7760222965918	0	0
37.24062965288179	126.7760224631959	0	0
37.24062504688679	126.7760226266344	0	0
37.24062051484076	126.776022787457	0	0
37.24061597729108	126.7760229484819	0	0
37.24061135543156	126.776023112506	0	0
37.24060668096536	126.776023278406	0	0
37.24060206172879	126.7760234423599	0	0
37.24059751087003	126.7760236039004	0	0
37.24059290568799	126.7760237673769	0	0
37.24058840774467	126.7760239270526	0	0
37.24058387487861	126.7760240879858	0	0
37.24057914877329	126.7760242557756	0	0
37.24057442923343	126.7760244233276	0	0
37.24056971500926	126.7760245906841	0	0
37.24056525377877	126.7760247490477	0	0
37.2405607109384	126.7760249102875	0	0
37.24055615903014	126.7760250718341	0	0
37.24055167699871	126.7760252308889	0	0
37.24054714686306	126.7760253916426	0	0
37.24054267977895	126.7760255501553	0	0
37.24053802627406	126.7760257152653	0	0
37.2405334956372	126.7760258759911	0	0
37.24052887666642	126.7760260398491	0	0
37.2405241871409	126.7760262062307	0	0
37.24051969546266	126.7760263656315	0	0
37.24051516912815	126.7760265263147	0	0
37.24051060088339	126.7760266885266	0	0
37.24050597859545	126.7760268526917	0	0
37.24050129079669	126.7760270192133	0	0
37.24049679294377	126.7760271790103	0	0
37.24049221676731	126.7760273416082	0	0
37.24048774389865	126.7760275005398	0	0
37.24048301581663	126.7760276685365	0	0
37.24047847864882	126.7760278297643	0	0
37.24047396545118	126.7760279901714	0	0
37.24046931577836	126.7760281554838	0	0
37.24046472430285	126.7760283188167	0	0
37.24046020422246	126.7760284797248	0	0
37.24045563336892	126.7760286424188	0	0
37.24045104056329	126.7760288059743	0	0
37.24044639727343	126.7760289715899	0	0
37.24044192007756	126.7760291316117	0	0
37.24043740200477	126.7760292933866	0	0
37.24043283892692	126.7760294570324	0	0
37.24042836419093	126.7760296177612	0	0
37.24042381085172	126.7760297815851	0	0
37.24041925917584	126.7760299456564	0	0
37.24041478543705	126.7760301072741	0	0
37.24041008744206	126.7760302774634	0	0
37.24040538016554	126.7760304484172	0	0
37.24040091387176	126.7760306109252	0	0
37.24039641618508	126.7760307747879	0	0
37.24039187587869	126.7760309403321	0	0
37.24038727525389	126.7760311081606	0	0
37.24038256783717	126.7760312802133	0	0
37.24037807199394	126.7760314447742	0	0
37.24037355810965	126.7760316101053	0	0
37.24036907057198	126.7760317744644	0	0
37.24036438108033	126.7760319460816	0	0
37.24035981546336	126.7760321129034	0	0
37.24035527571017	126.776032278742	0	0
37.24035076055776	126.7760324436642	0	0
37.24034606409226	126.7760326150729	0	0
37.24034151456779	126.7760327808521	0	0
37.2403369395339	126.7760329471184	0	0
37.2403322883988	126.7760331155867	0	0
37.24032773518397	126.7760332802161	0	0
37.24032316565787	126.7760334449895	0	0
37.2403185210927	126.7760336119386	0	0
37.24031393461697	126.7760337763614	0	0
37.24030942282409	126.7760339373539	0	0
37.24030475419327	126.7760341033379	0	0
37.24030015464994	126.7760342665756	0	0
37.24029547791781	126.7760344324575	0	0
37.24029085931895	126.7760345963487	0	0
37.24028614935878	126.7760347637502	0	0
37.24028167274806	126.7760349231884	0	0
37.24027717992045	126.7760350832495	0	0
37.24027245686079	126.7760352515956	0	0
37.24026787602435	126.7760354150155	0	0
37.24026328290345	126.7760355791028	0	0
37.24025862002871	126.7760357460671	0	0
37.2402540499195	126.7760359101203	0	0
37.24024959132313	126.7760360704954	0	0
37.24024495507187	126.7760362376421	0	0
37.24024035670312	126.7760364036433	0	0
37.24023565468841	126.7760365736103	0	0
37.24023102626308	126.7760367412281	0	0
37.24022634512719	126.7760369109548	0	0
37.24022184763157	126.7760370741728	0	0
37.24021738311964	126.7760372363281	0	0
37.24021281052699	126.7760374025577	0	0
37.2402080966346	126.7760375741339	0	0
37.24020345510034	126.776037743421	0	0
37.24019876160931	126.776037914887	0	0
37.24019417215059	126.7760380826706	0	0
37.24018957736669	126.7760382505773	0	0
37.24018486790006	126.7760384224127	0	0
37.24018027850025	126.7760385896455	0	0
37.24017563796814	126.7760387586684	0	0
37.24017096514746	126.7760389287487	0	0
37.24016627867256	126.7760390991607	0	0
37.24016159717777	126.7760392691785	0	0
37.24015693811965	126.7760394381246	0	0
37.24015229665116	126.7760396062103	0	0
37.2401476611654	126.7760397738799	0	0
37.24014302272435	126.7760399414639	0	0
37.24013837239002	126.7760401092929	0	0
37.2401337012244	126.7760402776973	0	0
37.24012898710544	126.7760404474743	0	0
37.24012447737264	126.7760406097174	0	0
37.24011994581367	126.7760407725839	0	0
37.24011542816319	126.7760409347933	0	0
37.24011096015584	126.776041095065	0	0
37.24010632314706	126.7760412612294	0	0
37.24010180474389	126.7760414229659	0	0
37.24009713063225	126.7760415900922	0	0
37.24009251968594	126.7760417547914	0	0
37.24008793673273	126.7760419183455	0	0
37.2400833466005	126.7760420820366	0	0
37.24007872418331	126.7760422467679	0	0
37.24007410140323	126.7760424113336	0	0
37.24006948256739	126.7760425756209	0	0
37.24006486504625	126.7760427397816	0	0
37.24006024621022	126.7760429039674	0	0
37.24005562514014	126.776043068264	0	0
37.24005104088683	126.7760432311877	0	0
37.24004647913585	126.7760433932481	0	0
37.24004189737677	126.7760435560326	0	0
37.24003725309921	126.776043721129	0	0
37.24003275706269	126.7760438811074	0	0
37.24002810539871	126.7760440468384	0	0
37.24002355705012	126.7760442090727	0	0
37.24001893418693	126.7760443740746	0	0
37.24001431294329	126.7760445390657	0	0
37.24000976945333	126.7760447012676	0	0
37.24000512805873	126.7760448668829	0	0
37.24000065868847	126.7760450262703	0	0
37.23999604858591	126.7760451906389	0	0
37.2399915285126	126.7760453517792	0	0
37.23998684492716	126.7760455187527	0	0
37.23998221376932	126.776045683886	0	0
37.23997766032047	126.7760458463012	0	0
37.23997302780509	126.776046011586	0	0
37.23996844824279	126.7760461749964	0	0
37.23996381395462	126.7760463403358	0	0
37.23995925094731	126.7760465030753	0	0
37.23995477196131	126.7760466627785	0	0
37.23995023175789	126.7760468246616	0	0
37.23994559004706	126.7760469901206	0	0
37.23994106017423	126.7760471515161	0	0
37.23993636431457	126.7760473187173	0	0
37.23993171910031	126.7760474839835	0	0
37.23992724615835	126.7760476429708	0	0
37.23992250531328	126.7760478113682	0	0
37.2399179804497	126.7760479720209	0	0
37.2399134926036	126.7760481313097	0	0
37.23990887357618	126.7760482952189	0	0
37.23990433951169	126.776048456093	0	0
37.23989966454834	126.7760486219757	0	0
37.23989513485136	126.7760487827323	0	0
37.2398905187337	126.7760489465149	0	0
37.23988601753511	126.776049106095	0	0
37.23988149906265	126.7760492661245	0	0
37.23987686392261	126.7760494302071	0	0
37.23987236058126	126.7760495895991	0	0
37.23986764391445	126.776049756428	0	0
37.23986315422175	126.7760499150478	0	0
37.23985842719777	126.7760500817687	0	0
37.23985390280802	126.7760502409412	0	0
37.23984941328467	126.7760503983367	0	0
37.23984485222319	126.7760505577437	0	0
37.23984017201771	126.7760507209262	0	0
37.2398355615969	126.7760508814587	0	0
37.23983095165277	126.7760510419549	0	0
37.23982627637255	126.7760512049094	0	0
37.23982158413557	126.7760513687995	0	0
37.23981690107077	126.776051532516	0	0
37.23981220952236	126.7760516963852	0	0
37.23980774107132	126.7760518520664	0	0
37.23980323414779	126.7760520084553	0	0
37.23979856974508	126.7760521695168	0	0
37.23979390975785	126.7760523298764	0	0
37.23978919245467	126.7760524917984	0	0
37.2397846137763	126.7760526486272	0	0
37.23978013461645	126.7760528017333	0	0
37.23977548799503	126.7760529601567	0	0
37.2397709238618	126.7760531151964	0	0
37.23976640109154	126.7760532684398	0	0
37.23976187694191	126.7760534216989	0	0
37.23975738677775	126.7760535748417	0	0
37.23975280691769	126.7760537311645	0	0
37.23974811990881	126.7760538907689	0	0
37.23974365764158	126.7760540428016	0	0
37.23973892344129	126.7760542043011	0	0
37.23973433696487	126.7760543611004	0	0
37.23972981376957	126.7760545163353	0	0
37.23972531149205	126.7760546713984	0	0
37.23972084571187	126.7760548256521	0	0
37.23971632545732	126.7760549821779	0	0
37.23971165975671	126.7760551440572	0	0
37.23970700220544	126.7760553058919	0	0
37.23970227745971	126.7760554704753	0	0
37.23969761938463	126.7760556330947	0	0
37.23969289207857	126.7760557984083	0	0
37.23968821420428	126.7760559622179	0	0
37.23968370442456	126.7760561203256	0	0
37.23967922970419	126.7760562773749	0	0
37.23967456374638	126.7760564413532	0	0
37.23967006942776	126.7760565995366	0	0
37.23966559636381	126.776056757201	0	0
37.23966099417012	126.7760569196225	0	0
37.23965637482205	126.776057082819	0	0
37.23965180033688	126.776057244676	0	0
37.23964709552558	126.7760574113725	0	0
37.23964257550921	126.7760575716928	0	0
37.23963802216019	126.7760577333295	0	0
37.23963347575149	126.7760578948255	0	0
37.2396289523844	126.776058055604	0	0
37.23962438388907	126.7760582181511	0	0
37.23961978772449	126.7760583818238	0	0
37.23961519287471	126.776058545559	0	0
37.23961062832387	126.7760587082933	0	0
37.23960612305606	126.7760588689638	0	0
37.23960144091183	126.7760590360054	0	0
37.23959682935944	126.7760592006761	0	0
37.23959226583948	126.7760593637189	0	0
37.23958772893077	126.776059525825	0	0
37.23958319721215	126.7760596876859	0	0
37.23957864917951	126.776059849996	0	0
37.2395740471613	126.7760600141526	0	0
37.23956940730464	126.7760601796297	0	0
37.23956478045039	126.7760603445709	0	0
37.23956021743933	126.7760605071196	0	0
37.23955552636712	126.7760606740522	0	0
37.2395510240288	126.7760608340452	0	0
37.23954649735235	126.7760609947296	0	0
37.23954187842828	126.7760611585214	0	0
37.23953728248485	126.7760613213462	0	0
37.23953282042514	126.7760614793115	0	0
37.23952819882591	126.7760616428569	0	0
37.23952372439675	126.7760618011788	0	0
37.23951918919558	126.7760619615521	0	0
37.23951460175005	126.7760621235788	0	0
37.23950997058784	126.7760622868609	0	0
37.23950530304226	126.7760624510458	0	0
37.23950083374775	126.776062607915	0	0
37.23949631798637	126.7760627661352	0	0
37.23949176399424	126.7760629254525	0	0
37.23948718000742	126.776063085613	0	0
37.239482574262	126.7760632463627	0	0
37.23947792818926	126.7760634083299	0	0
37.23947345286201	126.7760635640721	0	0
37.23946893902854	126.7760637209633	0	0
37.23946443909353	126.7760638772593	0	0
37.23945974784456	126.7760640401624	0	0
37.23945519313573	126.7760641983725	0	0
37.23945059710535	126.7760643580141	0	0
37.23944594921904	126.7760645193281	0	0
37.23944138080321	126.7760646778865	0	0
37.23943677418384	126.7760648379181	0	0
37.23943225533038	126.7760649951648	0	0
37.23942778217049	126.7760651511098	0	0
37.23942317434302	126.7760653119522	0	0
37.23941847177522	126.7760654763119	0	0
37.23941397700369	126.7760656336168	0	0
37.2394094622633	126.7760657918397	0	0
37.23940495890064	126.7760659499024	0	0
37.23940040707654	126.7760661099142	0	0
37.23939575443721	126.7760662737051	0	0
37.23939108072959	126.776066438477	0	0
37.23938646608485	126.7760666014188	0	0
37.23938199063423	126.7760667597191	0	0
37.23937749281734	126.7760669191433	0	0
37.23937289143029	126.7760670826155	0	0
37.23936837581849	126.7760672434084	0	0
37.23936372740833	126.776067409277	0	0
37.23935911201182	126.7760675742021	0	0
37.23935457488798	126.7760677364323	0	0
37.23935006311537	126.776067898006	0	0
37.23934551588297	126.776068061097	0	0
37.2393408329965	126.7760682292118	0	0
37.23933616735766	126.7760683968021	0	0
37.23933167186816	126.7760685583198	0	0
37.23932700799789	126.7760687258679	0	0
37.23932238099378	126.7760688920731	0	0
37.23931789820104	126.7760690531353	0	0
37.23931331991262	126.7760692176837	0	0
37.23930877659863	126.7760693810364	0	0
37.23930428630548	126.7760695425367	0	0
37.23929982171001	126.7760697032032	0	0
37.23929532962295	126.7760698649331	0	0
37.23929069996568	126.7760700316577	0	0
37.23928607355773	126.7760701982821	0	0
37.23928159121864	126.7760703597112	0	0
37.23927689591997	126.7760705287732	0	0
37.23927239279901	126.7760706909531	0	0
37.23926773978175	126.7760708585988	0	0
37.23926320022808	126.7760710221089	0	0
37.23925853984138	126.7760711897976	0	0
37.23925402357916	126.776071352058	0	0
37.23924933592725	126.7760715202132	0	0
37.23924462536642	126.7760716889899	0	0
37.23924007851723	126.7760718517591	0	0
37.23923555033973	126.7760720137455	0	0
37.23923090053475	126.7760721799751	0	0
37.23922632224114	126.7760723435403	0	0
37.23922167372988	126.7760725095356	0	0
37.23921708700112	126.7760726732309	0	0
37.23921260956303	126.7760728328803	0	0
37.23920804622419	126.7760729954065	0	0
37.23920344758582	126.7760731589917	0	0
37.2391989050601	126.7760733203581	0	0
37.23919425787453	126.7760734852406	0	0
37.23918975340793	126.776073644915	0	0
37.23918514473375	126.776073808182	0	0
37.23918042685355	126.776073975254	0	0
37.23917578560421	126.776074139511	0	0
37.23917111762402	126.7760743044991	0	0
37.23916660232114	126.7760744639883	0	0
37.2391620811232	126.776074623666	0	0
37.23915739385949	126.7760747892709	0	0
37.23915273413544	126.776074954076	0	0
37.23914812445509	126.7760751174078	0	0
37.23914350950566	126.7760752809669	0	0
37.23913887615019	126.7760754453271	0	0
37.23913431442799	126.7760756075093	0	0
37.23912985389327	126.7760757665019	0	0
37.23912515158272	126.7760759345288	0	0
37.23912043570272	126.776076103443	0	0
37.2391157311279	126.7760762722863	0	0
37.23911123447928	126.7760764339735	0	0
37.23910676655435	126.776076594955	0	0
37.23910215650388	126.7760767614761	0	0
37.23909759949522	126.7760769266581	0	0
37.23909296412583	126.7760770954175	0	0
37.23908843405339	126.7760772609473	0	0
37.23908377374445	126.7760774316895	0	0
37.23907927607278	126.7760775967248	0	0
37.2390747303098	126.7760777635519	0	0
37.23907023069728	126.776077928565	0	0
37.23906569244889	126.7760780952254	0	0
37.23906116743233	126.7760782615224	0	0
37.23905658210111	126.7760784299111	0	0
37.23905209782629	126.7760785942672	0	0
37.2390475143206	126.7760787619536	0	0
37.2390429832659	126.7760789275221	0	0
37.23903830400123	126.7760790983121	0	0
37.23903375565905	126.7760792641422	0	0
37.23902911549141	126.7760794331398	0	0
37.23902462404024	126.7760795965426	0	0
37.23901989856311	126.7760797682615	0	0
37.2390153151936	126.7760799346466	0	0
37.23901069465128	126.7760801022218	0	0
37.23900612957787	126.7760802676246	0	0
37.23900144358749	126.7760804372238	0	0
37.238996775833	126.77608060595	0	0
37.23899213857827	126.7760807733999	0	0
37.2389876671087	126.7760809346831	0	0
37.2389829938783	126.7760811030408	0	0
37.23897844796289	126.7760812666225	0	0
37.23897392376521	126.7760814292625	0	0
37.23896940212398	126.776081591555	0	0
37.23896471030176	126.7760817597169	0	0
37.23896021910856	126.7760819205508	0	0
37.23895573095676	126.7760820812118	0	0
37.23895104903096	126.776082248811	0	0
37.23894653663226	126.7760824104186	0	0
37.23894200259038	126.7760825728607	0	0
37.23893745877729	126.7760827356582	0	0
37.23893295632833	126.7760828969711	0	0
37.23892830505726	126.7760830636032	0	0
37.23892372544205	126.7760832276268	0	0
37.23891923275517	126.7760833882803	0	0
37.23891454107647	126.7760835556105	0	0
37.23891005890295	126.7760837152928	0	0
37.23890523769591	126.7760838870204	0	0
37.23890038561098	126.7760840598079	0	0
37.23889588313432	126.776084220099	0	0
37.23889111523437	126.7760843897695	0	0
37.23888648645016	126.7760845543729	0	0
37.23888200061908	126.7760847136517	0	0
37.23887743761816	126.7760848754237	0	0
37.23887279590457	126.7760850397963	0	0
37.23886832868077	126.7760851978935	0	0
37.23886375007879	126.7760853599647	0	0
37.23885903746056	126.7760855269265	0	0
37.23885443183681	126.776085690191	0	0
37.23884986982166	126.7760858519436	0	0
37.23884519620105	126.776086017694	0	0
37.23884051757094	126.776086183672	0	0
37.23883594052737	126.7760863461069	0	0
37.23883130795816	126.7760865105946	0	0
37.23882669447559	126.7760866744061	0	0
37.23882201798788	126.7760868404007	0	0
37.2388174578458	126.7760870023507	0	0
37.23881293068467	126.776087163361	0	0
37.23880835313972	126.7760873265366	0	0
37.23880367404749	126.7760874938812	0	0
37.23879897999792	126.7760876624608	0	0
37.23879451658116	126.7760878231465	0	0
37.23879002135905	126.7760879850727	0	0
37.23878547879254	126.7760881485222	0	0
37.23878087313646	126.7760883137863	0	0
37.23877640124262	126.7760884739893	0	0
37.23877181634488	126.7760886381662	0	0
37.2387671912008	126.7760888035881	0	0
37.23876259856797	126.7760889675262	0	0
37.23875811120403	126.7760891272515	0	0
37.23875355503417	126.7760892887674	0	0
37.23874899077638	126.7760894498823	0	0
37.23874436444466	126.7760896126265	0	0
37.2387398108828	126.7760897724089	0	0
37.23873521827902	126.7760899333633	0	0
37.23873071730321	126.7760900911202	0	0
37.2387260791991	126.7760902536704	0	0
37.23872161977701	126.776090409816	0	0
37.23871710105875	126.7760905679149	0	0
37.23871252732925	126.7760907278305	0	0
37.23870790287333	126.7760908894261	0	0
37.23870321755007	126.7760910530413	0	0
37.23869866322775	126.7760912118443	0	0
37.23869402595739	126.7760913733885	0	0
37.23868937125497	126.7760915355049	0	0
37.23868476463649	126.7760916960244	0	0
37.23868027161792	126.7760918527779	0	0
37.23867569928534	126.7760920125894	0	0
37.2386710419001	126.7760921755248	0	0
37.23866649074263	126.7760923348914	0	0
37.23866198069651	126.7760924929876	0	0
37.23865744664526	126.776092652112	0	0
37.23865282644918	126.7760928144679	0	0
37.23864815821302	126.7760929789461	0	0
37.23864346907302	126.7760931445026	0	0
37.23863899939787	126.7760933023968	0	0
37.23863449543735	126.7760934613676	0	0
37.23862994963923	126.7760936214678	0	0
37.23862533975535	126.7760937835986	0	0
37.23862064387436	126.7760939490607	0	0
37.23861616630438	126.776094106698	0	0
37.23861168453924	126.7760942639187	0	0
37.23860697507107	126.7760944280312	0	0
37.23860234502098	126.7760945877259	0	0
37.23859777570421	126.7760947439515	0	0
37.23859323110007	126.7760948985562	0	0
37.23858872846694	126.7760950508571	0	0
37.23858404029092	126.7760952083654	0	0
37.23857943840575	126.7760953617428	0	0
37.23857496492575	126.7760955094756	0	0
37.2385704802692	126.7760956562146	0	0
37.23856588551678	126.7760958055299	0	0
37.2385612379069	126.7760959561346	0	0
37.23855660462621	126.7760961064985	0	0
37.23855213581746	126.7760962520257	0	0
37.23854762289783	126.7760963988431	0	0
37.23854291724488	126.7760965518968	0	0
37.23853840083738	126.7760966989782	0	0
37.23853388363044	126.7760968464647	0	0
37.23852917537615	126.776097000837	0	0
37.23852462507232	126.7760971509288	0	0
37.23852008937497	126.7760973013075	0	0
37.23851557498487	126.776097451641	0	0
37.23851086935424	126.7760976090075	0	0
37.23850629371645	126.776097762666	0	0
37.23850166519899	126.7760979187601	0	0
37.2384970997049	126.7760980734759	0	0
37.23849261718049	126.7760982262474	0	0
37.23848807212356	126.7760983819833	0	0
37.23848347686283	126.7760985400827	0	0
37.23847885315563	126.7760986995061	0	0
37.23847426396097	126.7760988581916	0	0
37.23846958144829	126.7760990207539	0	0
37.23846500709448	126.7760991800892	0	0
37.23846052595363	126.7760993365811	0	0
37.238455869032	126.776099499534	0	0
37.23845119675814	126.7760996633848	0	0
37.23844671920729	126.7760998209085	0	0
37.23844204423921	126.7760999857678	0	0
37.2384373157151	126.7761001528449	0	0
37.23843267749618	126.776100317022	0	0
37.23842799168979	126.7761004831814	0	0
37.23842349455719	126.7761006429828	0	0
37.23841901649141	126.7761008024774	0	0
37.23841446110175	126.7761009651309	0	0
37.2384098325056	126.7761011307706	0	0
37.23840525582398	126.7761012947742	0	0
37.23840074556552	126.7761014564628	0	0
37.23839612154443	126.7761016224597	0	0
37.23839154896166	126.7761017868367	0	0
37.238386871453	126.7761019551422	0	0
37.23838218185402	126.7761021239859	0	0
37.2383775730002	126.7761022899778	0	0
37.23837285534319	126.7761024599168	0	0
37.23836817047778	126.7761026287919	0	0
37.23836351592477	126.7761027966719	0	0
37.23835893065848	126.7761029621037	0	0
37.23835445365322	126.7761031236343	0	0
37.23834988844065	126.7761032883007	0	0
37.23834538057869	126.7761034508515	0	0
37.23834075520301	126.7761036176448	0	0
37.23833620127539	126.7761037818411	0	0
37.23833165646503	126.776103945664	0	0
37.23832716542007	126.7761041074952	0	0
37.23832268501052	126.7761042688969	0	0
37.23831812722618	126.7761044330477	0	0
37.23831337262833	126.7761046042466	0	0
37.23830885298963	126.7761047669441	0	0
37.23830438353852	126.7761049277888	0	0
37.2382997931099	126.776105092927	0	0
37.23829518001367	126.7761052588573	0	0
37.23829068307623	126.7761054206904	0	0
37.23828601204343	126.7761055887668	0	0
37.2382814089317	126.7761057542445	0	0
37.23827684817446	126.7761059179096	0	0
37.23827230420522	126.7761060805482	0	0
37.23826782560162	126.7761062403235	0	0
37.23826319495642	126.7761064050595	0	0
37.23825859322562	126.7761065684964	0	0
37.2382539486801	126.7761067334054	0	0
37.23824944408554	126.7761068935041	0	0
37.23824477017091	126.7761070598445	0	0
37.23824017484012	126.7761072232447	0	0
37.23823547392712	126.7761073903995	0	0
37.23823074408694	126.7761075587855	0	0
37.23822606197464	126.7761077258791	0	0
37.23822150424527	126.7761078891569	0	0
37.23821702378767	126.7761080505142	0	0
37.23821233849084	126.7761082200087	0	0
37.238207643819	126.776108390381	0	0
37.23820317535909	126.7761085529289	0	0
37.23819852731986	126.776108722348	0	0
37.2381939923412	126.7761088879633	0	0
37.2381894894703	126.7761090524949	0	0
37.23818500191386	126.7761092170262	0	0
37.23818386978026	126.7761092590831	0	0
